simulations:100 population:240 rateOfInfect:4 rateOfRecovery:2 rateOfMoving:4 run:True standardDiviation:True cliquesAndMovement:True time:2018-07-05|23:28:53 kommentar:
0
5
0
0
0
1
1
0
1
4
5
4
4
0
2
0
0
1
0
0
0
2
3
0
2
0
0
0
1
0
0
1
1
0
0
0
3
0
0
0
2
1
0
0
0
0
0
0
0
0
0
0
1
1
0
0
0
0
0
0
0
1
0
0
0
2
0
0
0
0
0
0
0
0
0
0
0
0
0
0
0
0
0
0
0
0
0
1
0
0
0
0
0
0
0
0
0
0
0
0
0
0
1
0
0
2
0
0
0
0
0
0
0
0
0
0
0
0
0
0
0
0
0
1
0
0
0
0
0
0
0
0
0
0
0
0
0
0
0
0
0
1
0
1
0
0
1
0
0
1
0
0
1
0
1
0
0
0
0
0
1
0
0
0
0
0
0
0
1
0
0
1
0
0
1
0
1
0
0
0
0
0
0
0
1
0
0
0
0
0
0
0
0
0
0
0
0
1
0
0
0
0
1
0
0
1
2
1
1
0
0
1
0
0
0
0
0
0
0
0
0
0
1
0
0
0
0
1
0
0
0
0
0
0
0
0
0
0
0
1
23
%
112,95
10,68
2,23
0,64
0,2
0,14
0,04
0,01
0,02
0
0
0
0
0
0
0
0
0
0
0
%
64,96
26,79
11,7
4,75
2,65
1,17
0,54
0,33
0,13
0,03
0,03
0,01
0
0
0
0
0
0
0
0
%
0
0
0
0
0
0,01
0,02
0
0,02
0,11
0,18
0,16
0,34
0,26
0,33
0,41
0,44
0,6
0,59
0,65
2,28
1,73
1,41
0,75
0,51
0,28
0,22
0,11
0,1
0,11
0,11
0,03
0,06
0,06
0,03
0,02
0,01
0,02
0,02
0
0
0
0,01
0,01
0
0
0
0
0
0
0
0
0
0
0
0
0
0
0
0
0
0
0
0
0
0
0
0
0
0
0
0
0
0
0
0
0
0
0
0
0
0
0
0
0
0
0
0
0
0
0
0
0
0
0
0
0
0
0
0
0
0
0
0
0
0
0
0
0
0
0
0
0
0
0
0
0
0
0
0
0
0
0
0
0
0
0
0
0
0
0
0
0
0
0
0
0
0
0
0
0
0
0
0
0
0
0
0
0
0
0
0
0
0
0
0
0
0
0
0
0
0
0
0
0
0
0
0
0
0
0
0
0
0
0
0
0
0
0
0
0
0
0
0
0
0
0
0
0
0
0
0
0
0
0
0
0
0
0
0
0
0
0
0
0
0
0
0
0
0
0
0
0
0
0
0
0
0
0
0
0
0
0
0
0
0
0
0
0
0
0
0
0
0
0
0
0
0
0
0
%
5,54
0,12
0
0
0
0,01
0,02
0
0,03
0,1
0,19
0,15
0,35
0,27
0,33
0,41
0,44
0,59
0,59
0,65
0,46
0,43
0,45
0,3
0,2
0,14
0,12
0,05
0,02
0,02
0
0
0,01
0,01
0
0
0
0
0
0
0
0
0
0
0
0
0
0
0
0
0
0
0
0
0
0
0
0
0
0
0
0
0
0
0
0
0
0
0
0
0
0
0
0
0
0
0
0
0
0
0
0
0
0
0
0
0
0
0
0
0
0
0
0
0
0
0
0
0
0
0
0
0
0
0
0
0
0
0
0
0
0
0
0
0
0
0
0
0
0
0
0
0
0
0
0
0
0
0
0
0
0
0
0
0
0
0
0
0
0
0
0
0
0
0
0
0
0
0
0
0
0
0
0
0
0
0
0
0
0
0
0
0
0
0
0
0
0
0
0
0
0
0
0
0
0
0
0
0
0
0
0
0
0
0
0
0
0
0
0
0
0
0
0
0
0
0
0
0
0
0
0
0
0
0
0
0
0
0
0
0
0
0
0
0
0
0
0
0
0
0
0
0
0
0
0
0
0
0
0
0
0
0
0
0
0
0
0
0
0
%
0
0
0
0
0
0
91
0
0
37
92,36364
78,66666
133,4348
132,0526
173,4737
193,3571
195,2667
141,7941
186,4103
195,4444
168,0606
191,9583
163,0645
172,3478
188,1333
184,3636
130
124,4
251,6667
127,5
0
0
82
191
0
260
0
0
0
0
0
0
0
0
0
0
0
0
0
0
