simulations:1000 population:240 rateOfInfect:1,5 rateOfRecovery:1 rateOfMoving:2 run:True standardDiviation:True cliquesAndMovement:True time:2018-07-07|09:40:13 kommentar:
0
39
5
1
2
5
12
27
30
27
31
23
14
13
5
3
2
7
9
7
11
8
10
4
7
4
3
4
5
1
4
2
5
4
7
1
2
2
0
0
2
0
3
4
2
2
1
1
3
2
0
2
0
0
1
1
0
1
0
1
0
0
0
0
0
0
0
0
0
0
0
0
0
0
0
2
0
0
1
0
0
0
1
0
0
0
0
0
0
0
0
0
0
1
0
1
0
0
0
0
0
0
0
0
0
0
0
1
0
0
0
0
0
0
1
0
1
0
0
0
0
0
0
0
0
0
0
0
0
0
0
0
0
0
0
0
0
0
1
1
0
1
0
0
0
0
0
0
0
0
0
0
0
0
0
0
0
0
0
0
0
0
0
0
0
0
0
1
1
1
0
0
3
0
0
0
0
0
0
0
0
0
0
0
0
0
0
0
0
0
0
1
0
0
0
0
2
1
1
3
0
3
4
5
0
3
2
2
1
0
0
1
0
0
1
0
0
0
0
0
0
0
0
0
1
1
1
0
1
0
2
0
2
1
3
2
1
2
7
11
545
%
79,782
5,909
0,802
0,23
0,075
0,037
0,026
0,015
0,008
0,002
0,001
0,002
0,001
0
0
0,001
0
0
0
0
%
71,539
37,034
19,99
10,99
6,086
3,335
1,877
1,054
0,537
0,297
0,156
0,094
0,063
0,025
0,013
0,009
0,003
0,006
0,001
0
%
0
0
0
0,002
0,005
0,008
0,019
0,049
0,068
0,089
0,116
0,134
0,151
0,18
0,278
0,381
0,51
0,631
0,72
0,81
1,983
1,897
1,333
0,924
0,584
0,413
0,25
0,171
0,098
0,068
0,035
0,026
0,013
0,007
0,011
0,007
0,003
0,009
0,005
0,003
0
0,005
0,001
0,001
0,001
0
0
0
0
0,001
0
0
0
0
0
0
0
0
0
0
0
0
0
0
0
0
0
0
0
0
0
0
0
0
0
0
0
0
0
0
0
0
0
0
0
0
0
0
0
0
0
0
0
0
0
0
0
0
0
0
0
0
0
0
0
0
0
0
0
0
0
0
0
0
0
0
0
0
0
0
0
0
0
0
0
0
0
0
0
0
0
0
0
0
0
0
0
0
0
0
0
0
0
0
0
0
0
0
0
0
0
0
0
0
0
0
0
0
0
0
0
0
0
0
0
0
0
0
0
0
0
0
0
0
0
0
0
0
0
0
0
0
0
0
0
0
0
0
0
0
0
0
0
0
0
0
0
0
0
0
0
0
0
0
0
0
0
0
0
0
0
0
0
0
0
0
0
0
0
0
0
0
0
0
0
0
0
0
0
0
0
0
0
0
0
0
0
0
0
0
%
3,915
0,077
0,008
0,003
0,005
0,008
0,021
0,051
0,066
0,091
0,115
0,134
0,154
0,183
0,276
0,384
0,51
0,624
0,712
0,792
0,733
0,753
0,614
0,55
0,389
0,317
0,196
0,135
0,075
0,052
0,025
0,018
0,008
0,001
0,004
0
0,001
0
0
0
0
0
0
0
0
0
0
0
0
0
0
0
0
0
0
0
0
0
0
0
0
0
0
0
0
0
0
0
0
0
0
0
0
0
0
0
0
0
0
0
0
0
0
0
0
0
0
0
0
0
0
0
0
0
0
0
0
0
0
0
0
0
0
0
0
0
0
0
0
0
0
0
0
0
0
0
0
0
0
0
0
0
0
0
0
0
0
0
0
0
0
0
0
0
0
0
0
0
0
0
0
0
0
0
0
0
0
0
0
0
0
0
0
0
0
0
0
0
0
0
0
0
0
0
0
0
0
0
0
0
0
0
0
0
0
0
0
0
0
0
0
0
0
0
0
0
0
0
0
0
0
0
0
0
0
0
0
0
0
0
0
0
0
0
0
0
0
0
0
0
0
0
0
0
0
0
0
0
0
0
0
0
0
0
0
0
0
0
0
0
0
0
0
0
0
0
0
0
0
0
%
0
0
0
57
23,33333
24
27
46,3
40,17391
64,94444
92,24561
121,6622
152,9065
198,6594
180,3027
200,3669
185,8713
203,2868
179,1408
181,6283
176,4147
178,487
180,2298
178,036
189,8787
180,6183
199,48
175,3273
156,5161
181,5319
183,1739
177,3529
183,125
281
441,6667
441
366
120
0
0
0
22
0
0
0
0
0
0
0
0
%
0
106,8784
24
39,5
23,33333
24
27
46,35
41,95652
64,47298
92,28814
124,0068
148,1481
194,0347
178,7826
199,5363
185,2144
202,7999
179,1449
183,3627
178,087
181,6962
182,5541
180,1243
190,9117
182,0363
196,5918
176,8027
158,0984
181,5319
182,6364
177,3529
183,125
281
373
0
317
0
0
0
0
0
0
0
0
0
0
0
0
0
%
0
0
0
0
0
0
0
0,001
0,001
0,005
0,012
0,035
0,059
0,111
0,203
0,302
0,43
0,54
0,608
0,71
0,659
0,679
0,555
0,5
0,353
0,291
0,185
0,125
0,072
0,051
0,024
0,017
0,007
0,001
0,003
0
0,001
0
0
0
0
0
0
0
0
0
0
0
0
0
0
0
0
0
0
0
0
0
0
0
0
0
0
0
0
0
0
0
0
0
0
0
0
0
0
0
0
0
0
0
0
0
0
0
0
0
0
0
0
0
0
0
0
0
0
0
0
0
0
0
0
0
0
0
0
0
0
0
0
0
0
0
0
0
0
0
0
0
0
0
0
0
0
0
0
0
0
0
0
0
0
0
0
0
0
0
0
0
0
0
0
0
0
0
0
0
0
0
0
0
0
0
0
0
0
0
0
0
0
0
0
0
0
0
0
0
0
0
0
0
0
0
0
0
0
0
0
0
0
0
0
0
0
0
0
0
0
0
0
0
0
0
0
0
0
0
0
0
0
0
0
0
0
0
0
0
0
0
0
0
0
0
0
0
0
0
0
0
0
0
0
0
0
0
0
0
0
0
0
0
0
0
0
0
0
0
0
0
0
0
%
0
0
0
0
0
0
0
0,001
0,001
0,005
0,012
0,035
0,059
0,111
0,203
0,302
0,43
0,54
0,608
0,71
0,659
0,679
0,555
0,5
0,353
0,291
0,185
0,125
0,072
0,051
0,024
0,017
0,007
0,001
0,003
0
0,001
0
0
0
0
0
0
0
0
0
0
0
0
0
0
0
0
0
0
0
0
0
0
0
0
0
0
0
0
0
0
0
0
0
0
0
0
0
0
0
0
0
0
0
0
0
0
0
0
0
0
0
0
0
0
0
0
0
0
0
0
0
0
0
0
0
0
0
0
0
0
0
0
0
0
0
0
0
0
0
0
0
0
0
0
0
0
0
0
0
0
0
0
0
0
0
0
0
0
0
0
0
0
0
0
0
0
0
0
0
0
0
0
0
0
0
0
0
0
0
0
0
0
0
0
0
0
0
0
0
0
0
0
0
0
0
0
0
0
0
0
0
0
0
0
0
0
0
0
0
0
0
0
0
0
0
0
0
0
0
0
0
0
0
0
0
0
0
0
0
0
0
0
0
0
0
0
0
0
0
0
0
0
0
0
0
0
0
0
0
0
0
0
0
0
0
0
0
0
0
0
0
0
0
%
0
0
0
0,001
0,002
0,005
0,012
0,038
0,045
0,049
0,057
0,053
0,038
0,031
0,024
0,034
0,047
0,058
0,046
0,068
0,074
0,075
0,052
0,054
0,04
0,026
0,03
0,018
0,012
0,005
0,003
0,001
0
0
0,002
0
0
0
0
0
0
0
0
0
0
0
0
0
0
0
0
0
0
0
0
0
0
0
0
0
0
0
0
0
0
0
0
0
0
0
0
0
0
0
0
0
0
0
0
0
0
0
0
0
0
0
0
0
0
0
0
0
0
0
0
0
0
0
0
0
0
0
0
0
0
0
0
0
0
0
0
0
0
0
0
0
0
0
0
0
0
0
0
0
0
0
0
0
0
0
0
0
0
0
0
0
0
0
0
0
0
0
0
0
0
0
0
0
0
0
0
0
0
0
0
0
0
0
0
0
0
0
0
0
0
0
0
0
0
0
0
0
0
0
0
0
0
0
0
0
0
0
0
0
0
0
0
0
0
0
0
0
0
0
0
0
0
0
0
0
0
0
0
0
0
0
0
0
0
0
0
0
0
0
0
0
0
0
0
0
0
0
0
0
0
0
0
0
0
0
0
0
0
0
0
0
0
0
0
0
