simulations:1000 population:240 rateOfInfect:2 rateOfRecovery:4 rateOfMoving:2 run:False standardDiviation:True cliquesAndMovement:True time:2018-07-07|16:39:32 kommentar:
166,764 102,2689 0,7185836 156,35
142,235 106,6962 0,6262497 133,648
135,323 105,7188 0,6044999 127,36
115,365 102,872 0,531417 107,558
97,447 97,90697 0,465251 90,543
93,26 94,28796 0,4549175 87,106
70,938 83,89582 0,3683341 65,818
67,442 79,3943 0,3561671 62,219
54,84 69,32145 0,3069164 50,486
47,175 62,23375 0,2733328 43,483
47,699 61,67083 0,281333 44,069
39,581 53,8085 0,2440827 36,264
37,525 49,29858 0,2379994 34,184
32,291 42,11696 0,213916 29,655
31,29 41,37592 0,2091661 28,485
27,514 36,73437 0,1919163 25,105
25,608 33,61861 0,1829997 23,698
24,324 29,58096 0,1771664 22,178
24,416 31,71773 0,1744997 22,082
23,284 28,9471 0,1703332 21,259
