simulations:10000 population:5 rateOfInfect:4 rateOfRecovery:2 rateOfMoving:4 run:True standardDiviation:True cliquesAndMovement:True time:2018-07-05|20:13:20 kommentar:
0
1368
287
203
943
7199
%
0,4726
0,1422
0,0523
0,0271
0,0201
0,0154
0,0093
0,0099
0,007
0,0039
0,002
0,0019
0,0013
0,0009
0,0008
0,0002
0,0007
0
0,0001
0,0005
%
2,5589
0,8098
0,4206
0,2188
0,1076
0,0533
0,0306
0,0158
0,0078
0,0036
0,0026
0,0011
0,0005
0,0003
0,0003
0,0001
0,0001
0
0
0
%
0
0
0
0
0
1
%
0
0,1368
0,0287
0,0203
0,0943
0,7199
%
0
0
0
0
0
0
0
0
0
0
0
0
0
0
0
0
0
0
0
0
0
0
0
0
0
0
0
0
0
0
0
0
0
0
0
0
0
0
0
0
0
0
0
0
0
0
0
0
0
0
