simulations:1000 population:60 rateOfInfect:0,3 rateOfRecovery:2 rateOfMoving:0,9 run:False standardDiviation:True cliquesAndMovement:True time:2018-07-05|20:55:03 kommentar:
25,486 21,72273 0,6563326 0
23,703 21,13446 0,6386663 7,128
22,999 21,05752 0,6376666 13,718
20,908 20,70559 0,6193331 18,43
19,4 20,2947 0,5973334 22,275
18,508 20,39024 0,5989998 26,425
17,645 19,85641 0,5940002 30,747
17,271 19,61421 0,5873333 34,534
16,063 19,2284 0,578334 36,149
15,369 18,63674 0,5686677 39,1
