simulations:5000 population:240 rateOfInfect:1 rateOfRecovery:2 rateOfMoving:3 run:False standardDiviation:True cliquesAndMovement:True time:2018-07-09|19:09:30 kommentar:
34,8354 29,76251 0,1607813 0
28,2288 24,39137 0,148915 5,2722
23,3154 20,26595 0,1394822 8,6734
19,4648 17,14617 0,1305824 10,756
16,6162 14,08624 0,1235501 11,9562
14,953 12,52907 0,1207505 13,5102
13,404 11,19248 0,1176839 14,4192
11,7616 9,789112 0,112201 14,592
10,6974 8,729262 0,110568 15,1164
10,0218 7,760465 0,1090515 15,6744
9,4696 7,29539 0,1085518 16,2166
8,713 6,7756 0,1069184 16,4936
8,1972 6,310906 0,105419 16,747
7,6602 5,749521 0,1037191 16,679
7,3236 5,396302 0,1025862 16,9374
6,9166 5,081956 0,1021028 17,087
