simulations:10000 population:100 rateOfInfect:0,1 rateOfRecovery:2 rateOfMoving:0 run:True standardDiviation:True cliquesAndMovement:True time:2018-07-05|20:33:05 kommentar:
0
4982
1316
716
454
339
286
272
208
195
167
149
125
137
126
92
78
60
48
44
31
25
15
16
12
14
15
16
10
5
14
4
3
2
6
5
0
3
0
1
2
0
0
4
0
0
0
0
0
0
0
0
0
1
0
0
0
1
0
1
0
0
0
0
0
0
0
0
0
0
0
0
0
0
0
0
0
0
0
0
0
0
0
0
0
0
0
0
0
0
0
0
0
0
0
0
0
0
0
0
0
%
96,0602
0
0
0
0
0
0
0
0
0
0
0
0
0
0
0
0
0
0
0
%
3,9398
0
0
0
0
0
0
0
0
0
0
0
0
0
0
0
0
0
0
0
%
0
0
0
0
0
0
0
0
0
0
0
0
0
0
0
0
0
0
0
0
5
0
0
0
0
0
0
0
0
0
0
0
0
0
0
0
0
0
0
0
0
0
0
0
0
0
0
0
0
0
0
0
0
0
0
0
0
0
0
0
0
0
0
0
0
0
0
0
0
0
0
0
0
0
0
0
0
0
0
0
0
0
0
0
0
0
0
0
0
0
0
0
0
0
0
0
0
0
0
0
0
%
3,8107
0,6111
0,161
0,0867
0,058
0,0423
0,0351
0,0328
0,0258
0,0256
0,0205
0,0176
0,0173
0,0151
0,013
0,0112
0,0072
0,0055
0,002
0,0011
0,0004
0
0
0
0
0
0
0
0
0
0
0
0
0
0
0
0
0
0
0
0
0
0
0
0
0
0
0
0
0
0
0
0
0
0
0
0
0
0
0
0
0
0
0
0
0
0
0
0
0
0
0
0
0
0
0
0
0
0
0
0
0
0
0
0
0
0
0
0
0
0
0
0
0
0
0
0
0
0
0
0
%
0
0
0
0
0
0
0
0
0
0
0
0
0
0
0
0
0
0
0
0
6,145607
0
0
0
0
0
0
0
0
0
0
0
0
0
0
0
0
0
0
0
0
0
0
0
0
0
0
0
0
0
