simulations:10000 population:100 rateOfInfect:0,5 rateOfRecovery:1 rateOfMoving:1 run:True standardDiviation:True cliquesAndMovement:True time:2018-07-05|12:59:14 kommentar:
0
1059
155
93
127
270
449
639
736
728
566
381
220
98
66
67
92
108
136
159
188
139
131
93
58
49
38
24
14
21
17
28
36
55
45
46
54
51
43
42
34
18
22
16
11
5
8
9
8
9
7
8
14
19
29
18
26
34
30
33
31
39
29
27
16
15
7
8
7
1
3
1
2
2
3
5
2
3
6
5
7
7
6
9
14
14
8
12
10
19
17
14
20
14
17
26
39
59
108
315
1374
%
57
8
1
0
0
0
0
0
0
0
0
0
0
0
0
0
0
0
0
0
%
15
7
3
2
1
0
0
0
0
0
0
0
0
0
0
0
0
0
0
0
%
0
0
0
0
0
0
0
0
0
0
0
0
0
0
0
0
0
0
0
0
0
0
0
0
0
0
0
0
0
0
0
0
0
0
0
0
0
0
0
0
0
0
0
0
0
0
0
0
0
0
0
0
0
0
0
0
0
0
0
0
0
0
0
0
0
0
0
0
0
0
0
0
0
0
0
0
0
0
0
0
0
0
0
0
0
0
0
0
0
0
0
0
0
0
0
0
0
0
0
0
%
2
0
0
0
0
0
0
0
0
0
0
0
0
0
0
0
0
0
0
0
0
0
0
0
0
0
0
0
0
0
0
0
0
0
0
0
0
0
0
0
0
0
0
0
0
0
0
0
0
0
0
0
0
0
0
0
0
0
0
0
0
0
0
0
0
0
0
0
0
0
0
0
0
0
0
0
0
0
0
0
0
0
0
0
0
0
0
0
0
0
0
0
0
0
0
0
0
0
0
0
%
0
0
22
0
23
30
28
30
33
33
37
40
49
60
70
74
77
76
80
79
74
74
71
69
71
70
72
71
67
71
71
90
66
74
94
99
93
98
113
190
123
155
93
129
159
0
116
0
139
67
