simulations:10000 population:240 rateOfInfect:2 rateOfRecovery:1 rateOfMoving:3 run:True standardDiviation:True cliquesAndMovement:True time:2018-07-05|15:43:02 kommentar:
0
2697
1802
1601
893
501
419
350
205
141
139
120
89
66
48
44
46
51
24
22
21
15
16
14
18
9
15
12
16
13
13
8
9
7
6
8
9
10
9
8
8
4
4
4
6
8
5
5
4
4
1
3
3
4
3
4
2
1
3
1
2
3
3
1
4
5
1
3
0
2
4
4
3
0
5
5
1
2
2
3
1
1
1
3
1
2
1
1
5
4
2
1
3
1
1
0
3
1
1
2
1
3
1
1
2
1
3
1
0
1
1
1
1
3
0
1
0
1
0
0
1
4
1
2
0
1
5
2
4
1
0
2
1
1
2
2
2
3
2
2
0
3
1
1
1
5
6
1
1
3
2
3
5
1
1
3
3
2
2
2
4
5
2
1
2
4
5
3
6
3
5
5
4
2
3
2
6
3
3
2
3
3
3
5
3
6
1
1
3
6
4
2
2
4
6
6
4
4
4
4
1
4
5
3
5
4
3
4
4
2
4
1
6
3
6
0
4
3
8
6
3
2
3
0
2
1
0
1
0
0
1
0
0
0
0
0
1
1
0
0
0
%
225,6173
1,7913
0,7766
0,3759
0,1875
0,097
0,0514
0,0301
0,0188
0,0144
0,0095
0,0065
0,0045
0,0042
0,0027
0,0015
0,0019
0,0014
0,0013
0,0068
%
8,7433
0,9109
0,4883
0,2621
0,1641
0,1092
0,075
0,0573
0,04
0,0303
0,0242
0,0207
0,0132
0,0109
0,0079
0,0081
0,0058
0,0052
0,003
0,0199
%
0
0,0817
0,3961
0,7695
0,8101
42,5199
3,0845
0,2623
0,0555
0,0151
0,0043
0,0005
0,0003
0,0002
0
0
0
0
0
0
0
0
0
0
0
0
0
0
0
0
0
0
0
0
0
0
0
0
0
0
0
0
0
0
0
0
0
0
0
0
0
0
0
0
0
0
0
0
0
0
0
0
0
0
0
0
0
0
0
0
0
0
0
0
0
0
0
0
0
0
0
0
0
0
0
0
0
0
0
0
0
0
0
0
0
0
0
0
0
0
0
0
0
0
0
0
0
0
0
0
0
0
0
0
0
0
0
0
0
0
0
0
0
0
0
0
0
0
0
0
0
0
0
0
0
0
0
0
0
0
0
0
0
0
0
0
0
0
0
0
0
0
0
0
0
0
0
0
0
0
0
0
0
0
0
0
0
0
0
0
0
0
0
0
0
0
0
0
0
0
0
0
0
0
0
0
0
0
0
0
0
0
0
0
0
0
0
0
0
0
0
0
0
0
0
0
0
0
0
0
0
0
0
0
0
0
0
0
0
0
0
0
0
0
0
0
0
0
0
0
0
0
0
0
0
0
0
0
0
0
0
%
44,8257
0,5415
0,446
0,6426
0,6818
0,4805
0,2339
0,0989
0,0345
0,0107
0,003
0,0006
0,0001
0,0002
0
0
0
0
0
0
0
0
0
0
0
0
0
0
0
0
0
0
0
0
0
0
0
0
0
0
0
0
0
0
0
0
0
0
0
0
0
0
0
0
0
0
0
0
0
0
0
0
0
0
0
0
0
0
0
0
0
0
0
0
0
0
0
0
0
0
0
0
0
0
0
0
0
0
0
0
0
0
0
0
0
0
0
0
0
0
0
0
0
0
0
0
0
0
0
0
0
0
0
0
0
0
0
0
0
0
0
0
0
0
0
0
0
0
0
0
0
0
0
0
0
0
0
0
0
0
0
0
0
0
0
0
0
0
0
0
0
0
0
0
0
0
0
0
0
0
0
0
0
0
0
0
0
0
0
0
0
0
0
0
0
0
0
0
0
0
0
0
0
0
0
0
0
0
0
0
0
0
0
0
0
0
0
0
0
0
0
0
0
0
0
0
0
0
0
0
0
0
0
0
0
0
0
0
0
0
0
0
0
0
0
0
0
0
0
0
0
0
0
0
0
0
0
0
0
0
0
%
0
89,37234
99,13333
88,94956
99,36935
138,8525
219,9274
316,8299
399,4922
371,1293
288,1081
383
220
122,5
0
0
0
0
0
0
0
0
0
0
0
0
0
0
0
0
0
0
0
0
0
0
0
0
0
0
0
0
0
0
0
0
0
0
0
0
