simulations:10000 population:100 rateOfInfect:0,5 rateOfRecovery:1 rateOfMoving:1 run:True standardDiviation:True cliquesAndMovement:True time:2018-07-05|12:59:29 kommentar:
0
1034
159
95
123
243
448
623
797
706
582
377
194
113
69
60
81
116
129
145
171
146
115
111
75
68
29
22
18
16
23
41
46
32
48
46
41
46
54
40
30
19
22
10
14
6
3
8
10
10
6
8
19
14
19
25
26
37
23
31
31
33
15
27
24
16
16
3
3
2
3
2
3
2
5
3
7
6
7
3
7
10
8
9
8
9
16
13
5
13
10
14
14
18
25
29
35
54
118
315
1437
%
56
8
1
0
0
0
0
0
0
0
0
0
0
0
0
0
0
0
0
0
%
15
7
3
2
1
0
0
0
0
0
0
0
0
0
0
0
0
0
0
0
%
0
0
0
0
0
0
0
0
0
0
0
0
0
0
0
0
0
0
0
0
0
0
0
0
0
0
0
0
0
0
0
0
0
0
0
0
0
0
0
0
0
0
0
0
0
0
0
0
0
0
0
0
0
0
0
0
0
0
0
0
0
0
0
0
0
0
0
0
0
0
0
0
0
0
0
0
0
0
0
0
0
0
0
0
0
0
0
0
0
0
0
0
0
0
0
0
0
0
0
0
%
2
0
0
0
0
0
0
0
0
0
0
0
0
0
0
0
0
0
0
0
0
0
0
0
0
0
0
0
0
0
0
0
0
0
0
0
0
0
0
0
0
0
0
0
0
0
0
0
0
0
0
0
0
0
0
0
0
0
0
0
0
0
0
0
0
0
0
0
0
0
0
0
0
0
0
0
0
0
0
0
0
0
0
0
0
0
0
0
0
0
0
0
0
0
0
0
0
0
0
0
%
0
0
0
76
21
27
29
29
32
33
37
42
50
63
69
71
81
80
75
75
76
72
73
69
73
73
71
73
67
58
64
82
84
88
99
103
121
132
123
147
119
183
133
149
214
122
0
0
0
0
