simulations:2000 population:240 rateOfInfect:1,9 rateOfRecovery:1 rateOfMoving:0,6 run:False standardDiviation:True cliquesAndMovement:True time:2018-07-07|17:18:29 kommentar:
1 0 0,08333293 7,5395
2,873 2,18707 0,08833274 11,0025
5,7825 4,885291 0,1004157 13,852
9,766 10,48662 0,1186239 16,617
14,597 17,65776 0,1399162 19,4675
20,5565 27,39269 0,1628751 22,291
25,8315 33,06757 0,1831674 23,728
34,6415 43,552 0,2191679 27,347
40,0345 48,79088 0,2383762 27,8265
45,609 53,30359 0,2571266 28,2405
51,8115 58,01301 0,2793339 28,9605
60,617 64,47685 0,3142081 30,852
62,6645 65,18159 0,3189583 29,07
65,936 67,38691 0,328708 28,4235
70,0255 69,88656 0,3432495 28,0955
75,8885 70,78349 0,366333 28,539
76,827 71,95973 0,3674992 27,123
80,4335 73,79131 0,3797497 27,0745
83,667 74,86176 0,3909574 25,965
86,447 74,64008 0,4014995 25,7275
