simulations:10000 population:100 rateOfInfect:0,5 rateOfRecovery:1 rateOfMoving:1 run:True standardDiviation:True cliquesAndMovement:True time:2018-07-05|13:00:41 kommentar:
0
990
129
78
134
242
461
669
748
693
605
366
219
108
68
62
72
97
139
154
175
154
122
97
85
50
35
22
15
27
23
37
51
42
52
40
60
63
46
48
35
33
11
14
7
10
6
10
4
7
11
18
9
13
18
20
27
27
32
34
31
43
34
30
20
13
14
1
4
4
1
2
1
2
4
5
8
8
8
7
10
11
6
10
11
10
13
12
19
16
18
11
19
25
21
29
34
55
90
324
1392
%
56
8
1
0
0
0
0
0
0
0
0
0
0
0
0
0
0
0
0
0
%
15
7
3
2
1
0
0
0
0
0
0
0
0
0
0
0
0
0
0
0
%
0
0
0
0
0
0
0
0
0
0
0
0
0
0
0
0
0
0
0
0
0
0
0
0
0
0
0
0
0
0
0
0
0
0
0
0
0
0
0
0
0
0
0
0
0
0
0
0
0
0
0
0
0
0
0
0
0
0
0
0
0
0
0
0
0
0
0
0
0
0
0
0
0
0
0
0
0
0
0
0
0
0
0
0
0
0
0
0
0
0
0
0
0
0
0
0
0
0
0
0
%
2
0
0
0
0
0
0
0
0
0
0
0
0
0
0
0
0
0
0
0
0
0
0
0
0
0
0
0
0
0
0
0
0
0
0
0
0
0
0
0
0
0
0
0
0
0
0
0
0
0
0
0
0
0
0
0
0
0
0
0
0
0
0
0
0
0
0
0
0
0
0
0
0
0
0
0
0
0
0
0
0
0
0
0
0
0
0
0
0
0
0
0
0
0
0
0
0
0
0
0
%
0
0
0
0
27
29
29
30
30
34
39
45
52
59
65
70
78
78
78
79
77
73
71
72
69
70
76
67
72
64
83
60
67
97
120
116
74
120
110
135
144
150
163
101
41
21
0
0
0
0
