simulations:1000 population:1260 rateOfInfect:0,2 rateOfRecovery:2 rateOfMoving:0 time:2018-07-03|08:22:44 kommentar:xaxel_cliqueSize_yaxel_averageFinalSize
1,188
1,338
1,51
1,68
2,022
2,202
2,559
2,879
3,625
4,63
5,796
6,985
9,671
13,653
18,307
28,242
42,636
66,669
113,76
156,605
199,763
294,948
341,083
404,373
476,324
527,4
551,876
613,315
648,102
672,302
738,639
752,586
800,047
807,923
824,499
849,382
895,88
893,307
908,862
898,926
907,001
947,436
935,395
911,586
961,096
941,817
923,963
981,267
935,735
987,775
975,415
989,471
971,081
1017,217
925,189
984,019
1044,877
1015,549
1003,062
1049,091
1026,613
1023,313
1044,971
1023,217
1011,941
1046,378
987,757
1037,027
1049,766
1082,512
1018,145
1016,541
1079,307
1063,984
1005,015
1038,382
1074,381
1069,713
1000,838
1002,797
1045,224
1074,261
1086,522
1118,669
1027,299
1030,281
1063,374
1074,503
1098,483
1133,912
986,402
1014,939
1052,115
1054,051
1100,582
1112,642
995,858
1011,323
1042,804
1057,778
1075,089
1102,295
1108,793
1105,086
1145,392
998,468
1014,539
1018,898
1066,52
1077,196
1081,636
1099,617
1135,143
1149,711
994,963
997,553
1011,783
1004,858
1059,977
1052,851
1067,418
1073,494
1072,408
1072,261
1102,842
1067,433
0
0
0
0
0
0
0
0
0
0
0
0
0
0
0
0
0
0
0
0
0
0
0
0
0
0
0
0
0
0
0
0
0
0
0
0
0
0
0
0
0
0
0
0
0
0
0
0
0
0
0
0
0
0
0
0
0
0
0
0
0
0
0
0
0
0
0
0
0
0
0
0
0
0
