simulations:1000 population:240 rateOfInfect:4 rateOfRecovery:4 rateOfMoving:2 run:False standardDiviation:True cliquesAndMovement:True time:2018-07-07|16:40:09 kommentar:
176,096 87,30773 0,7561666 83,298
156,822 94,42226 0,6800834 73,265
148,449 94,707 0,6492501 70,001
143,816 94,75845 0,6335 68,152
134,005 93,14153 0,5977501 63,213
125,696 92,82592 0,5644997 59,371
114,635 88,72043 0,524417 53,887
109,558 89,30023 0,5045004 51,71
95,361 85,39388 0,4474173 44,841
95,344 84,73937 0,4470836 44,877
89,734 80,84997 0,4272508 42,185
82,039 76,78594 0,3962506 38,104
78,465 75,8285 0,3825005 36,657
75,78 74,26877 0,3713337 35,449
69,517 71,89104 0,3453338 32,332
64,275 66,03953 0,3262502 30,221
57,963 62,32174 0,2985 26,93
60,615 63,73384 0,3109165 28,534
53,348 59,7995 0,2774997 24,925
54,647 58,41922 0,2869167 25,538
