simulations:1000 population:240 rateOfInfect:1 rateOfRecovery:4 rateOfMoving:3 run:False standardDiviation:True cliquesAndMovement:True time:2018-07-07|16:40:41 kommentar:
126,989 115,4832 0,5718338 350,422
93,782 110,9602 0,4499175 258,266
74,614 102,8044 0,382667 205,818
52,551 87,93919 0,3030832 144,141
42,112 76,173 0,2714162 113,909
29,117 60,8787 0,2166661 77,756
22,546 48,94296 0,1942494 60,257
17,529 36,75283 0,1731663 45,123
14,469 27,93614 0,159 36,49
11,417 19,6257 0,1433334 29,358
11,215 18,65163 0,1410835 27,954
9,243 11,9985 0,1300839 23,598
8,608 10,54873 0,1245006 21,821
8,499 9,29884 0,1207506 20,631
7,553 7,722612 0,1144172 18,735
7,306 7,212383 0,1136672 17,759
7,538 8,548666 0,1127505 18,344
7,017 6,433514 0,1108338 17,32
6,47 5,494298 0,1068338 16,183
6,904 6,322399 0,1094171 16,693
