simulations:5000 population:240 rateOfInfect:6 rateOfRecovery:1 rateOfMoving:3 run:False standardDiviation:True cliquesAndMovement:True time:2018-07-09|19:19:43 kommentar:
28,4954 25,83876 0,1208582 0
26,3182 24,65905 0,1141162 0,817
25,1566 23,90769 0,111616 1,5072
24,3486 22,83201 0,1102743 2,1872
23,0216 21,47902 0,106924 2,743
21,7312 20,03139 0,1036488 3,3026
20,7818 19,28986 0,1008572 3,699
19,7006 18,51855 0,09784052 4,0762
19,1624 18,02401 0,09695709 4,5064
18,1188 17,46757 0,09375718 4,8292
17,4376 16,23507 0,09184885 5,0964
16,6598 16,01973 0,08975732 5,3678
15,9276 14,83726 0,08738214 5,5666
15,9348 14,52844 0,08887384 6,0302
15,0476 14,15285 0,08573226 6,1124
14,7856 13,97976 0,08554891 6,4002
