simulations:1000 population:240 rateOfInfect:1,9 rateOfRecovery:1 rateOfMoving:0,2 run:False standardDiviation:True cliquesAndMovement:True time:2018-07-07|17:15:30 kommentar:
1 0 0,08333353 3,098
4,291 3,832634 0,08858355 6,766
9,916 8,906642 0,1043338 8,905
15,578 14,51751 0,1191672 9,341
22,572 21,74933 0,14575 10,45
28,512 29,44252 0,1654999 10,558
31,913 31,96298 0,1777497 9,787
42,459 41,22399 0,2180829 11,345
43,769 44,4652 0,2199162 10,15
49,224 46,00771 0,2426661 10,38
54,758 50,78403 0,2627495 10,438
60,753 53,85081 0,2854167 10,454
65,069 58,18129 0,3020833 10,242
65,68 57,12454 0,3025834 9,527
72,514 61,94333 0,3279167 9,756
72,909 63,31801 0,3291666 9,176
77,529 65,85615 0,3460003 9,209
76,77 63,8021 0,343 8,357
86,095 68,6277 0,3818336 9,144
86,42 66,4341 0,381417 8,428
