simulations:1000 population:240 rateOfInfect:2 rateOfRecovery:1 rateOfMoving:2 run:True standardDiviation:True cliquesAndMovement:True time:2018-07-07|09:39:05 kommentar:
0
24
1
0
1
2
4
4
13
19
19
33
25
17
10
3
2
2
1
4
4
7
7
9
4
4
0
2
0
0
0
0
2
0
2
6
1
1
1
0
0
1
0
1
0
1
1
0
2
2
2
0
4
1
1
0
0
0
0
0
1
0
0
0
0
0
1
1
0
1
0
0
0
0
0
0
0
0
0
0
2
1
0
0
0
0
0
0
0
0
0
0
0
0
0
0
0
0
1
0
0
0
0
0
0
0
0
1
0
0
0
0
0
0
0
0
0
0
0
0
0
0
0
0
0
0
0
0
0
0
0
0
0
0
0
0
0
0
1
0
0
0
0
1
0
0
0
0
1
0
0
0
1
0
0
0
0
0
0
0
0
0
0
0
0
0
1
0
0
1
0
0
0
0
2
0
1
0
1
0
1
0
0
0
0
0
1
0
0
0
1
0
0
0
0
0
1
0
0
1
0
0
2
2
4
2
3
2
4
2
2
2
0
0
1
1
0
0
0
0
0
0
0
0
0
0
0
1
1
0
0
0
0
1
0
2
0
1
5
7
681
%
55,431
3,471
0,472
0,144
0,037
0,012
0,003
0,003
0,002
0
0
0
0
0
0
0
0
0
0
0
%
95,647
44,309
20,98
9,997
4,942
2,354
1,141
0,515
0,253
0,15
0,07
0,04
0,015
0,006
0,002
0,001
0,003
0
0
0
%
0
0
0
0
0,001
0,002
0,004
0,009
0,027
0,047
0,057
0,113
0,132
0,213
0,306
0,415
0,592
0,726
0,845
0,999
2,009
1,774
1,253
0,809
0,569
0,412
0,263
0,163
0,1
0,059
0,036
0,013
0,018
0,007
0,009
0,004
0,006
0,003
0,002
0
0
0,001
0,001
0
0
0,001
0
0
0
0
0
0
0
0
0
0
0
0
0
0
0
0
0
0
0
0
0
0
0
0
0
0
0
0
0
0
0
0
0
0
0
0
0
0
0
0
0
0
0
0
0
0
0
0
0
0
0
0
0
0
0
0
0
0
0
0
0
0
0
0
0
0
0
0
0
0
0
0
0
0
0
0
0
0
0
0
0
0
0
0
0
0
0
0
0
0
0
0
0
0
0
0
0
0
0
0
0
0
0
0
0
0
0
0
0
0
0
0
0
0
0
0
0
0
0
0
0
0
0
0
0
0
0
0
0
0
0
0
0
0
0
0
0
0
0
0
0
0
0
0
0
0
0
0
0
0
0
0
0
0
0
0
0
0
0
0
0
0
0
0
0
0
0
0
0
0
0
0
0
0
0
0
0
0
0
0
0
0
0
0
0
0
0
0
0
0
0
0
0
0
%
2,732
0,042
0,001
0
0,001
0,002
0,004
0,009
0,027
0,048
0,057
0,114
0,135
0,214
0,307
0,418
0,591
0,726
0,838
0,994
0,946
0,961
0,817
0,61
0,465
0,371
0,236
0,143
0,092
0,051
0,027
0,009
0,009
0,001
0,002
0
0
0
0
0
0
0
0
0
0
0
0
0
0
0
0
0
0
0
0
0
0
0
0
0
0
0
0
0
0
0
0
0
0
0
0
0
0
0
0
0
0
0
0
0
0
0
0
0
0
0
0
0
0
0
0
0
0
0
0
0
0
0
0
0
0
0
0
0
0
0
0
0
0
0
0
0
0
0
0
0
0
0
0
0
0
0
0
0
0
0
0
0
0
0
0
0
0
0
0
0
0
0
0
0
0
0
0
0
0
0
0
0
0
0
0
0
0
0
0
0
0
0
0
0
0
0
0
0
0
0
0
0
0
0
0
0
0
0
0
0
0
0
0
0
0
0
0
0
0
0
0
0
0
0
0
0
0
0
0
0
0
0
0
0
0
0
0
0
0
0
0
0
0
0
0
0
0
0
0
0
0
0
0
0
0
0
0
0
0
0
0
0
0
0
0
0
0
0
0
0
0
0
0
0
%
0
0
0
0
0
0
0
82
22,25
78,17647
127,9286
139,1698
146,8023
162,0897
171,0913
161,4441
177,703
167,5677
170,2877
178,017
179,8296
166,3855
164,5436
171,5696
168,7645
162,5813
171,7884
183,1074
182,6265
157,9767
161,7083
148,2222
165,8889
23
204
517
0
0
0
0
0
0
0
0
0
369
0
0
0
0
%
0
110,1111
0
0
0
0
0
82
22,25
76,52778
127,9643
142,6235
140,4831
160,0206
171,0873
160,948
177,6681
167,5841
170,2312
178,3087
181,8335
167,5945
165,5658
172,1552
169,7405
162,6303
171,8086
183,124
182,6325
157,9884
161,7083
144,375
165,8889
23
186
0
0
0
0
0
0
0
0
0
0
0
0
0
0
0
%
0
0
0
0
0
0
0
0,001
0,001
0,007
0,014
0,03
0,05
0,14
0,244
0,352
0,522
0,653
0,767
0,926
0,88
0,907
0,771
0,573
0,441
0,35
0,225
0,134
0,089
0,047
0,027
0,009
0,009
0,001
0,002
0
0
0
0
0
0
0
0
0
0
0
0
0
0
0
0
0
0
0
0
0
0
0
0
0
0
0
0
0
0
0
0
0
0
0
0
0
0
0
0
0
0
0
0
0
0
0
0
0
0
0
0
0
0
0
0
0
0
0
0
0
0
0
0
0
0
0
0
0
0
0
0
0
0
0
0
0
0
0
0
0
0
0
0
0
0
0
0
0
0
0
0
0
0
0
0
0
0
0
0
0
0
0
0
0
0
0
0
0
0
0
0
0
0
0
0
0
0
0
0
0
0
0
0
0
0
0
0
0
0
0
0
0
0
0
0
0
0
0
0
0
0
0
0
0
0
0
0
0
0
0
0
0
0
0
0
0
0
0
0
0
0
0
0
0
0
0
0
0
0
0
0
0
0
0
0
0
0
0
0
0
0
0
0
0
0
0
0
0
0
0
0
0
0
0
0
0
0
0
0
0
0
0
0
0
%
0
0
0
0
0
0
0
0,001
0,001
0,007
0,014
0,03
0,05
0,14
0,244
0,352
0,522
0,653
0,767
0,926
0,88
0,907
0,771
0,573
0,441
0,35
0,225
0,134
0,089
0,047
0,027
0,009
0,009
0,001
0,002
0
0
0
0
0
0
0
0
0
0
0
0
0
0
0
0
0
0
0
0
0
0
0
0
0
0
0
0
0
0
0
0
0
0
0
0
0
0
0
0
0
0
0
0
0
0
0
0
0
0
0
0
0
0
0
0
0
0
0
0
0
0
0
0
0
0
0
0
0
0
0
0
0
0
0
0
0
0
0
0
0
0
0
0
0
0
0
0
0
0
0
0
0
0
0
0
0
0
0
0
0
0
0
0
0
0
0
0
0
0
0
0
0
0
0
0
0
0
0
0
0
0
0
0
0
0
0
0
0
0
0
0
0
0
0
0
0
0
0
0
0
0
0
0
0
0
0
0
0
0
0
0
0
0
0
0
0
0
0
0
0
0
0
0
0
0
0
0
0
0
0
0
0
0
0
0
0
0
0
0
0
0
0
0
0
0
0
0
0
0
0
0
0
0
0
0
0
0
0
0
0
0
0
0
0
%
0
0
0
0
0,001
0,002
0,004
0,005
0,019
0,029
0,028
0,056
0,035
0,039
0,039
0,038
0,04
0,059
0,07
0,092
0,097
0,085
0,058
0,059
0,054
0,031
0,028
0,015
0,007
0,006
0,003
0,001
0
0
0
0
0
0
0
0
0
0
0
0
0
0
0
0
0
0
0
0
0
0
0
0
0
0
0
0
0
0
0
0
0
0
0
0
0
0
0
0
0
0
0
0
0
0
0
0
0
0
0
0
0
0
0
0
0
0
0
0
0
0
0
0
0
0
0
0
0
0
0
0
0
0
0
0
0
0
0
0
0
0
0
0
0
0
0
0
0
0
0
0
0
0
0
0
0
0
0
0
0
0
0
0
0
0
0
0
0
0
0
0
0
0
0
0
0
0
0
0
0
0
0
0
0
0
0
0
0
0
0
0
0
0
0
0
0
0
0
0
0
0
0
0
0
0
0
0
0
0
0
0
0
0
0
0
0
0
0
0
0
0
0
0
0
0
0
0
0
0
0
0
0
0
0
0
0
0
0
0
0
0
0
0
0
0
0
0
0
0
0
0
0
0
0
0
0
0
0
0
0
0
0
0
0
0
0
0
