simulations:10000 population:240 rateOfInfect:2 rateOfRecovery:1 rateOfMoving:1 run:True standardDiviation:True cliquesAndMovement:True time:2018-07-05|13:06:53 kommentar:
0
265
8
1
0
0
0
2
8
14
59
137
202
322
379
349
285
173
76
24
4
2
4
11
11
34
43
72
74
86
120
80
62
47
31
13
5
5
6
5
8
21
29
29
42
40
49
39
42
40
14
5
7
3
1
2
7
7
12
18
18
27
23
24
34
30
19
10
9
6
6
0
0
2
8
5
6
9
11
18
21
13
11
23
12
20
5
9
5
1
2
2
3
7
4
10
5
11
12
18
14
13
10
12
10
7
3
5
7
3
3
3
5
4
10
10
8
12
11
19
21
13
15
17
9
22
10
6
3
3
5
4
1
7
5
5
10
17
8
21
20
28
19
21
14
21
11
12
7
5
3
2
0
2
5
3
6
11
16
19
20
27
30
39
33
38
30
30
23
20
9
13
1
5
0
2
2
3
1
6
7
6
15
24
47
48
61
73
77
62
68
60
37
17
12
8
2
1
1
1
0
0
0
1
8
5
9
18
40
49
78
152
183
201
204
198
113
98
47
18
1
0
0
0
0
0
0
0
1
3
3
3
4
8
12
13
30
41
68
132
2811
%
92
5
0
0
0
0
0
0
0
0
0
0
0
0
0
0
0
0
0
0
%
99
28
8
2
0
0
0
0
0
0
0
0
0
0
0
0
0
0
0
0
%
0
0
0
0
0
0
0
0
0
0
0
0
0
0
0
0
0
0
0
0
2
1
1
0
0
0
0
0
0
0
0
0
0
0
0
0
0
0
0
0
0
0
0
0
0
0
0
0
0
0
0
0
0
0
0
0
0
0
0
0
0
0
0
0
0
0
0
0
0
0
0
0
0
0
0
0
0
0
0
0
0
0
0
0
0
0
0
0
0
0
0
0
0
0
0
0
0
0
0
0
0
0
0
0
0
0
0
0
0
0
0
0
0
0
0
0
0
0
0
0
0
0
0
0
0
0
0
0
0
0
0
0
0
0
0
0
0
0
0
0
0
0
0
0
0
0
0
0
0
0
0
0
0
0
0
0
0
0
0
0
0
0
0
0
0
0
0
0
0
0
0
0
0
0
0
0
0
0
0
0
0
0
0
0
0
0
0
0
0
0
0
0
0
0
0
0
0
0
0
0
0
0
0
0
0
0
0
0
0
0
0
0
0
0
0
0
0
0
0
0
0
0
0
0
0
0
0
0
0
0
0
0
0
0
0
0
0
0
0
0
%
4
0
0
0
0
0
0
0
0
0
0
0
0
0
0
0
0
0
0
0
0
0
0
0
0
0
0
0
0
0
0
0
0
0
0
0
0
0
0
0
0
0
0
0
0
0
0
0
0
0
0
0
0
0
0
0
0
0
0
0
0
0
0
0
0
0
0
0
0
0
0
0
0
0
0
0
0
0
0
0
0
0
0
0
0
0
0
0
0
0
0
0
0
0
0
0
0
0
0
0
0
0
0
0
0
0
0
0
0
0
0
0
0
0
0
0
0
0
0
0
0
0
0
0
0
0
0
0
0
0
0
0
0
0
0
0
0
0
0
0
0
0
0
0
0
0
0
0
0
0
0
0
0
0
0
0
0
0
0
0
0
0
0
0
0
0
0
0
0
0
0
0
0
0
0
0
0
0
0
0
0
0
0
0
0
0
0
0
0
0
0
0
0
0
0
0
0
0
0
0
0
0
0
0
0
0
0
0
0
0
0
0
0
0
0
0
0
0
0
0
0
0
0
0
0
0
0
0
0
0
0
0
0
0
0
0
0
0
0
0
%
0
0
0
0
0
0
22
23
52
85
108
100
118
129
138
140
142
145
148
147
147
149
148
152
151
149
159
147
157
152
161
205
119
324
149
26
0
0
0
0
0
0
0
0
0
0
0
0
0
0
