simulations:1000 population:240 rateOfInfect:2 rateOfRecovery:1 rateOfMoving:1 run:True standardDiviation:True cliquesAndMovement:True time:2018-07-05|10:27:37 kommentar:
0
26
1
0
0
0
0
0
1
8
10
10
29
39
37
35
29
14
9
0
1
0
1
0
0
3
5
9
9
11
10
4
6
3
5
0
2
0
0
2
1
4
6
4
4
7
2
2
0
3
1
2
0
0
0
1
1
2
1
0
2
3
1
2
1
1
4
0
2
1
0
0
0
1
0
0
1
3
3
2
2
1
2
2
0
3
1
0
0
0
0
0
1
1
0
0
1
1
4
0
1
2
2
1
2
0
2
0
0
0
1
0
0
0
1
1
1
3
2
1
2
2
2
4
1
0
1
0
0
0
0
0
0
0
0
2
1
0
1
3
3
2
1
1
2
3
4
2
1
0
1
0
0
0
0
1
0
1
1
1
1
5
8
4
1
1
2
1
3
2
1
3
1
1
0
1
0
0
0
1
0
1
1
1
4
3
6
8
11
8
5
0
6
3
2
0
0
0
0
0
0
0
0
0
0
2
0
4
3
4
12
16
17
23
16
22
14
4
1
1
0
0
0
0
0
0
0
0
0
0
0
0
0
1
5
3
4
5
9
9
261
96
6
0
0
0
0
0
0
0
0
0
0
0
0
0
0
0
0
0
0
96
28
8
2
0
0
0
0
0
0
0
0
0
0
0
0
0
0
0
0
0
0
0
0
0
0
0
0
0
0
0
0
0
0
0
0
0
0
0
0
2
1
1
0
0
0
0
0
0
0
0
0
0
0
0
0
0
0
0
0
0
0
0
0
0
0
0
0
0
0
0
0
0
0
0
0
0
0
0
0
0
0
0
0
0
0
0
0
0
0
0
0
0
0
0
0
0
0
0
0
0
0
0
0
0
0
0
0
0
0
0
0
0
0
0
0
0
0
0
0
0
0
0
0
0
0
0
0
0
0
0
0
0
0
0
0
0
0
0
0
0
0
0
0
0
0
0
0
0
0
0
0
0
0
0
0
0
0
0
0
0
0
0
0
0
0
0
0
0
0
0
0
0
0
0
0
0
0
0
0
0
0
0
0
0
0
0
0
0
0
0
0
0
0
0
0
0
0
0
0
0
0
0
0
0
0
0
0
0
0
0
0
0
0
0
0
0
0
0
0
0
0
0
0
0
0
0
0
0
0
0
0
0
0
0
0
0
0
0
0
0
0
0
0
0
0
0
0
0
0
0
0
0
0
0
0
0
0
0
0
4
0
0
0
0
0
0
0
0
0
0
0
0
0
0
0
0
0
0
0
0
0
0
0
0
0
0
0
0
0
0
0
0
0
0
0
0
0
0
0
0
0
0
0
0
0
0
0
0
0
0
0
0
0
0
0
0
0
0
0
0
0
0
0
0
0
0
0
0
0
0
0
0
0
0
0
0
0
0
0
0
0
0
0
0
0
0
0
0
0
0
0
0
0
0
0
0
0
0
0
0
0
0
0
0
0
0
0
0
0
0
0
0
0
0
0
0
0
0
0
0
0
0
0
0
0
0
0
0
0
0
0
0
0
0
0
0
0
0
0
0
0
0
0
0
0
0
0
0
0
0
0
0
0
0
0
0
0
0
0
0
0
0
0
0
0
0
0
0
0
0
0
0
0
0
0
0
0
0
0
0
0
0
0
0
0
0
0
0
0
0
0
0
0
0
0
0
0
0
0
0
0
0
0
0
0
0
0
0
0
0
0
0
0
0
0
0
0
0
0
0
0
0
0
0
0
0
0
0
0
0
0
0
0
0
0
0
0
0
0
0
0
0
0
0
0
0
0
99
25
133
67
142
135
117
131
151
141
152
149
147
145
155
146
150
154
138
160
119
217
103
209
0
308
0
0
0
0
0
0
0
0
0
0
0
0
0
0
0
0
