simulations:10 population:240 rateOfInfect:1 rateOfRecovery:1 rateOfMoving:3 run:False standardDiviation:True cliquesAndMovement:True time:2018-07-09|20:34:30 kommentar:
228 19,32184 0,85 0
234,5 17,39253 0,95 48,5
201,1 76,94797 0,85 78,2
240 0 1 137,5
240 0 1 182
240 0 1 239,2
240 0 1 291,9
228,5 36,36619 0,95 311,2
218,1 69,25388 0,95 347,3
218,2 68,93764 0,95 381,6
240 0 1 493,1
188,9 84,84031 0,85 384,6
179,5 98,75813 0,85 436,9
195,8 93,18298 0,9 510
186,2 88,7015 0,85 505,5
240 0 1 709,7
