simulations:10000 population:4 rateOfInfect:4 rateOfRecovery:2 rateOfMoving:4 run:True standardDiviation:True cliquesAndMovement:True time:2018-07-05|21:32:25 kommentar:
0
1148
338
276
8238
%
0,3127
0,0815
0,0272
0,0095
0,0045
0,0022
0,0011
0,0007
0,0001
0,0001
0
0
0
0
0
0
0
0
0
0
%
2,4919
0,6123
0,2656
0,1086
0,0472
0,0209
0,0087
0,0036
0,0008
0,0002
0,0005
0,0001
0
0
0
0
0
0
0
0
%
0
0
0
0
1
%
0
0,1148
0,0338
0,0276
0,8238
%
0
0
0
0
0
0
0
0
0
0
0
0
0
0
0
0
0
0
0
0
0
0
0
0
0
0
0
0
0
0
0
0
0
0
0
0
0
0
0
0
0
0
0
0
0
0
0
0
0
0
