simulations:100 population:100 rateOfInfect:1 rateOfRecovery:2 rateOfMoving:2 run:True standardDiviation:True cliquesAndMovement:True time:2018-07-05|12:56:46 kommentar:
0
13
0
0
0
2
3
6
6
6
7
2
3
2
1
0
1
0
2
4
0
1
2
0
0
1
0
0
0
0
0
1
1
0
1
0
1
1
2
1
0
0
1
0
0
0
0
1
0
0
0
0
0
1
0
0
0
0
1
0
0
0
0
0
0
0
0
0
0
0
0
0
0
0
1
0
0
2
0
0
0
0
0
0
0
0
0
0
0
1
1
0
0
0
1
1
0
1
0
6
12
%
53
8
1
0
0
0
0
0
0
0
0
0
0
0
0
0
0
0
0
0
%
16
8
4
2
1
0
0
0
0
0
0
0
0
0
0
0
0
0
0
0
%
0
0
0
0
0
0
0
0
0
0
0
0
0
0
0
0
0
0
0
0
0
0
0
0
0
0
0
0
0
0
0
0
0
0
0
0
0
0
0
0
0
0
0
0
0
0
0
0
0
0
0
0
0
0
0
0
0
0
0
0
0
0
0
0
0
0
0
0
0
0
0
0
0
0
0
0
0
0
0
0
0
0
0
0
0
0
0
0
0
0
0
0
0
0
0
0
0
0
0
0
%
2
0
0
0
0
0
0
0
0
0
0
0
0
0
0
0
0
0
0
0
0
0
0
0
0
0
0
0
0
0
0
0
0
0
0
0
0
0
0
0
0
0
0
0
0
0
0
0
0
0
0
0
0
0
0
0
0
0
0
0
0
0
0
0
0
0
0
0
0
0
0
0
0
0
0
0
0
0
0
0
0
0
0
0
0
0
0
0
0
0
0
0
0
0
0
0
0
0
0
0
%
0
0
0
0
0
0
7
0
28
54
56
53
45
48
67
62
93
80
59
54
113
101
53
68
67
72
58
64
65
37
0
0
23
0
0
0
0
0
0
0
0
0
0
0
0
0
0
0
0
0
