simulations:10000 population:4 rateOfInfect:4 rateOfRecovery:2 rateOfMoving:4 run:True standardDiviation:True cliquesAndMovement:True time:2018-07-05|21:32:26 kommentar:
0
1146
309
252
8293
%
0,3151
0,0756
0,0219
0,0091
0,0044
0,0026
0,0009
0,0007
0,0002
0,0002
0
0,0001
0
0
0
0
0
0
0
0
%
2,5012
0,6022
0,2667
0,1176
0,0466
0,0206
0,0083
0,0036
0,0019
0,0002
0,0001
0,0001
0
0,0001
0
0
0
0
0
0
%
0
0
0
0
1
%
0
0,1146
0,0309
0,0252
0,8293
%
0
0
0
0
0
0
0
0
0
0
0
0
0
0
0
0
0
0
0
0
0
0
0
0
0
0
0
0
0
0
0
0
0
0
0
0
0
0
0
0
0
0
0
0
0
0
0
0
0
0
