simulations:100 population:240 rateOfInfect:1,9 rateOfRecovery:1 rateOfMoving:0 run:False standardDiviation:True cliquesAndMovement:True time:2018-07-07|17:14:06 kommentar:
1 0 0,08333338 0
8,45 8,529656 0,09083334 0
15,91 14,19425 0,105 0
26,65 20,43782 0,1308333 0
29,43 23,38836 0,1416666 0
34,41 30,29121 0,1599999 0
39,02 33,85828 0,1791666 0
41,97 34,35361 0,1874999 0
46,06 41,57647 0,2058333 0
54,32 49,39531 0,2350001 0
47,19 43,61556 0,2116667 0
62,34 51,32865 0,2708334 0
64,48 50,07478 0,2750001 0
61,3 51,85458 0,2633334 0
70,7 56,49019 0,3016669 0
72,1 63,57774 0,3083334 0
82,75 57,74734 0,3558334 0
77,53 59,01607 0,3325 0
81,68 64,70805 0,3466667 0
81,47 62,92138 0,345 0
