simulations:10 population:100 rateOfInfect:4 rateOfRecovery:2 rateOfMoving:10 time:2018-07-02|21:50:01 kommentar:ChangingRateOfMoving
100
100
100
100
100
100
100
100
100
100
100
100
100
100
100
100
100
100
100
100
100
100
100
100
100
100
100
100
100
100
100
100
100
100
100
100
100
100
100
100
100
100
100
100
100
100
100
100
100
100
100
100
100
90,1
100
100
100
90,1
100
100
100
100
100
100
100
100
90,1
100
100
100
100
100
100
100
100
100
100
100
100
100
100
100
100
100
100
100
100
100
100
100
100
100
100
100
100
100
100
100
100
100
