simulations:1000 population:240 rateOfInfect:2 rateOfRecovery:1 rateOfMoving:1,9 run:False standardDiviation:True cliquesAndMovement:True time:2018-07-08|13:07:51 kommentar:
83,356 63,34092 0,3561673 0
83,213 66,32005 0,3611669 3,956
80,003 65,72993 0,3528337 7,517
87,11 70,18948 0,3888335 12,313
86,306 70,27976 0,3922502 16,21
88,709 73,99313 0,4063338 20,91
86,401 76,74722 0,3974172 24,26
92,034 78,62476 0,4260842 30,614
88,803 80,03516 0,4148339 33,275
92,202 82,60977 0,4326668 39,109
91,785 83,86147 0,4332504 43,238
98,838 87,92999 0,4612503 51,048
96,162 87,35093 0,4546669 54,272
98,522 89,16331 0,467084 59,697
100,225 90,58319 0,4751671 65,254
103,013 92,00352 0,4865842 72,377
100,207 93,23914 0,478584 75,367
103,869 96,65438 0,4900839 82,942
101,775 96,08219 0,483584 85,728
103,625 98,7408 0,488584 91,807
