simulations:1000 population:240 rateOfInfect:0,7 rateOfRecovery:1 rateOfMoving:2 run:True standardDiviation:True cliquesAndMovement:True time:2018-07-07|09:39:26 kommentar:
0
76
19
31
63
71
87
69
49
29
26
19
14
18
19
18
8
12
10
14
11
7
5
8
5
10
3
8
7
4
5
7
3
3
3
3
3
4
2
2
3
2
2
0
2
2
2
4
4
1
3
2
4
2
3
0
0
2
2
0
2
1
1
0
1
2
1
0
0
2
2
1
0
1
2
0
0
1
0
0
2
0
0
0
0
1
0
0
0
0
0
1
0
0
0
0
1
2
0
0
0
1
0
0
0
0
0
0
0
0
0
0
0
0
0
0
0
0
0
1
0
0
0
1
0
0
0
2
0
0
0
0
0
0
1
0
0
0
0
0
2
1
0
0
0
0
0
1
0
0
0
0
0
0
0
0
0
0
0
0
0
0
0
1
0
0
0
0
0
0
0
1
0
0
0
0
1
0
0
0
0
0
0
0
1
0
0
0
0
0
0
0
0
0
0
0
0
0
0
0
0
0
0
0
0
0
0
0
0
0
0
0
0
1
0
0
1
2
3
1
2
1
0
1
1
1
0
1
2
2
0
1
0
4
2
0
2
2
11
24
102
%
165,825
16,648
3,091
0,856
0,327
0,153
0,092
0,051
0,032
0,02
0,02
0,016
0,011
0,015
0,003
0,007
0,006
0,003
0,005
0,013
%
20,728
10,36
6,588
4,426
3,111
2,19
1,554
1,109
0,763
0,559
0,409
0,309
0,199
0,149
0,092
0,083
0,049
0,039
0,028
0,061
%
0
0
0,011
0,037
0,119
0,172
0,252
0,216
0,219
0,165
0,134
0,109
0,097
0,094
0,096
0,141
0,146
0,188
0,24
0,215
2,178
2,36
1,663
1,057
0,673
0,399
0,279
0,174
0,13
0,099
0,086
0,061
0,037
0,028
0,031
0,022
0,013
0,011
0,007
0,008
0,006
0,004
0,003
0,006
0,002
0
0,003
0,001
0
0,001
0
0,002
0,001
0,001
0
0
0,002
0,001
0
0
0
0
0
0
0
0
0
0
0
0
0
0
0
0
0
0
0
0
0
0
0
0
0
0
0
0
0
0
0
0
0
0
0
0
0
0
0
0
0
0
0
0
0
0
0
0
0
0
0
0
0
0
0
0
0
0
0
0
0
0
0
0
0
0
0
0
0
0
0
0
0
0
0
0
0
0
0
0
0
0
0
0
0
0
0
0
0
0
0
0
0
0
0
0
0
0
0
0
0
0
0
0
0
0
0
0
0
0
0
0
0
0
0
0
0
0
0
0
0
0
0
0
0
0
0
0
0
0
0
0
0
0
0
0
0
0
0
0
0
0
0
0
0
0
0
0
0
0
0
0
0
0
0
0
0
0
0
0
0
0
0
0
0
0
0
0
0
0
0
0
0
0
0
0
0
0
0
0
0
0
%
8,15
0,159
0,036
0,062
0,139
0,19
0,255
0,22
0,222
0,165
0,14
0,108
0,079
0,083
0,084
0,136
0,135
0,174
0,218
0,192
0,191
0,217
0,164
0,144
0,101
0,066
0,066
0,04
0,028
0,02
0,008
0,003
0,003
0
0,001
0
0
0,001
0
0
0
0
0
0
0
0
0
0
0
0
0
0
0
0
0
0
0
0
0
0
0
0
0
0
0
0
0
0
0
0
0
0
0
0
0
0
0
0
0
0
0
0
0
0
0
0
0
0
0
0
0
0
0
0
0
0
0
0
0
0
0
0
0
0
0
0
0
0
0
0
0
0
0
0
0
0
0
0
0
0
0
0
0
0
0
0
0
0
0
0
0
0
0
0
0
0
0
0
0
0
0
0
0
0
0
0
0
0
0
0
0
0
0
0
0
0
0
0
0
0
0
0
0
0
0
0
0
0
0
0
0
0
0
0
0
0
0
0
0
0
0
0
0
0
0
0
0
0
0
0
0
0
0
0
0
0
0
0
0
0
0
0
0
0
0
0
0
0
0
0
0
0
0
0
0
0
0
0
0
0
0
0
0
0
0
0
0
0
0
0
0
0
0
0
0
0
0
0
0
0
%
0
0
86
35,6
47,925
53,98361
50,18812
54,12745
53,37273
83,5
116,0143
109,0658
169,3478
234,5079
205,8657
242,4563
249,4362
237,8033
218,8209
205,4355
211
185,1812
201,3917
194,7308
178,6282
190,614
133,4528
160,3421
211,8571
189,0909
120,3125
124,1667
114,5
185
122
0
0
0
0
135
101
0
0
0
290
0
322
0
0
211
%
0
69,4057
58,3125
40
48
55,20667
49,78402
53,44276
58,74923
85,99603
106,6283
121,1097
192,8525
239,8492
216,8077
248,0333
241,195
242,1868
233,0443
215,391
212,6042
202,0583
220,0323
203,198
184,0047
203,8529
137,8804
187,2759
219,4259
224,1176
88,75
180,6667
114,5
0
206
0
0
0
0
0
0
0
0
0
0
0
0
0
0
0
%
0
0
0
0
0
0
0
0
0
0,001
0,007
0,009
0,009
0,027
0,036
0,065
0,072
0,095
0,128
0,112
0,11
0,143
0,104
0,089
0,065
0,042
0,043
0,027
0,016
0,012
0,006
0,003
0,002
0
0
0
0
0,001
0
0
0
0
0
0
0
0
0
0
0
0
0
0
0
0
0
0
0
0
0
0
0
0
0
0
0
0
0
0
0
0
0
0
0
0
0
0
0
0
0
0
0
0
0
0
0
0
0
0
0
0
0
0
0
0
0
0
0
0
0
0
0
0
0
0
0
0
0
0
0
0
0
0
0
0
0
0
0
0
0
0
0
0
0
0
0
0
0
0
0
0
0
0
0
0
0
0
0
0
0
0
0
0
0
0
0
0
0
0
0
0
0
0
0
0
0
0
0
0
0
0
0
0
0
0
0
0
0
0
0
0
0
0
0
0
0
0
0
0
0
0
0
0
0
0
0
0
0
0
0
0
0
0
0
0
0
0
0
0
0
0
0
0
0
0
0
0
0
0
0
0
0
0
0
0
0
0
0
0
0
0
0
0
0
0
0
0
0
0
0
0
0
0
0
0
0
0
0
0
0
0
%
0
0
0
0
0
0
0
0
0
0,001
0,007
0,009
0,009
0,027
0,036
0,065
0,072
0,095
0,128
0,112
0,11
0,143
0,104
0,089
0,065
0,042
0,043
0,027
0,016
0,012
0,006
0,003
0,002
0
0
0
0
0,001
0
0
0
0
0
0
0
0
0
0
0
0
0
0
0
0
0
0
0
0
0
0
0
0
0
0
0
0
0
0
0
0
0
0
0
0
0
0
0
0
0
0
0
0
0
0
0
0
0
0
0
0
0
0
0
0
0
0
0
0
0
0
0
0
0
0
0
0
0
0
0
0
0
0
0
0
0
0
0
0
0
0
0
0
0
0
0
0
0
0
0
0
0
0
0
0
0
0
0
0
0
0
0
0
0
0
0
0
0
0
0
0
0
0
0
0
0
0
0
0
0
0
0
0
0
0
0
0
0
0
0
0
0
0
0
0
0
0
0
0
0
0
0
0
0
0
0
0
0
0
0
0
0
0
0
0
0
0
0
0
0
0
0
0
0
0
0
0
0
0
0
0
0
0
0
0
0
0
0
0
0
0
0
0
0
0
0
0
0
0
0
0
0
0
0
0
0
0
0
0
0
0
%
0
0
0,008
0,027
0,079
0,111
0,143
0,107
0,088
0,062
0,052
0,021
0,019
0,017
0,016
0,016
0,02
0,012
0,027
0,028
0,046
0,019
0,015
0,011
0,017
0,01
0,013
0,007
0
0,005
0
0,001
0,002
0
0
0
0
0,001
0
0
0
0
0
0
0
0
0
0
0
0
0
0
0
0
0
0
0
0
0
0
0
0
0
0
0
0
0
0
0
0
0
0
0
0
0
0
0
0
0
0
0
0
0
0
0
0
0
0
0
0
0
0
0
0
0
0
0
0
0
0
0
0
0
0
0
0
0
0
0
0
0
0
0
0
0
0
0
0
0
0
0
0
0
0
0
0
0
0
0
0
0
0
0
0
0
0
0
0
0
0
0
0
0
0
0
0
0
0
0
0
0
0
0
0
0
0
0
0
0
0
0
0
0
0
0
0
0
0
0
0
0
0
0
0
0
0
0
0
0
0
0
0
0
0
0
0
0
0
0
0
0
0
0
0
0
0
0
0
0
0
0
0
0
0
0
0
0
0
0
0
0
0
0
0
0
0
0
0
0
0
0
0
0
0
0
0
0
0
0
0
0
0
0
0
0
0
0
0
0
0
