simulations:1000 population:240 rateOfInfect:0,9 rateOfRecovery:1 rateOfMoving:2 run:False standardDiviation:True cliquesAndMovement:True time:2018-07-08|13:01:17 kommentar:
1 0 0,08333353 13,162
1,808 1,13597 0,08766696 15,412
2,927 2,233537 0,09641714 17,597
4,408 3,937386 0,1066672 20,676
6,689 10,68384 0,1234172 25,698
10,591 22,36426 0,1443336 34,808
14,916 33,30647 0,1622499 42,859
23,921 50,79237 0,1983328 60,357
30,025 57,46265 0,227666 68,051
37,559 67,74316 0,2478326 75,813
