simulations:5000 population:240 rateOfInfect:2 rateOfRecovery:1 rateOfMoving:3 run:False standardDiviation:True cliquesAndMovement:True time:2018-07-09|19:11:42 kommentar:
81,5804 62,98591 0,347136 0
73,1618 60,51157 0,3250346 6,9016
67,6388 59,04631 0,314119 12,7698
60,2468 56,85715 0,2916016 17,0428
55,305 54,52193 0,2787347 20,7176
49,7354 51,88542 0,2620509 23,3964
45,8272 49,70543 0,2512668 25,6108
39,9952 45,39488 0,230433 26,1318
38,0966 44,2525 0,2266824 28,293
34,5894 42,27462 0,2152314 28,9162
31,6206 38,33626 0,2059635 29,1616
29,6434 37,44722 0,2003137 30,1642
28,1272 35,56757 0,1974305 31,0754
25,4544 33,123 0,1857139 30,2994
23,979 31,16546 0,1823307 30,4716
22,3042 29,13309 0,1757805 30,0784
