simulations:1000 population:240 rateOfInfect:0,5 rateOfRecovery:1 rateOfMoving:0,5 run:True standardDiviation:True cliquesAndMovement:True time:2018-07-05|10:14:11 kommentar:
0
101
12
3
5
4
8
26
33
46
58
88
67
67
30
18
6
4
7
10
12
15
10
15
19
14
16
12
5
5
4
2
2
5
5
9
8
7
6
4
3
6
4
1
3
1
3
5
3
5
3
1
7
3
0
1
6
2
0
2
3
3
3
1
2
1
2
1
4
2
1
3
3
2
1
2
3
4
0
1
3
3
1
2
2
1
0
4
2
0
1
2
2
1
0
1
1
0
2
1
0
4
0
1
1
2
1
0
1
3
0
2
0
2
1
1
0
1
1
2
2
1
1
1
1
2
0
1
0
0
1
0
1
1
0
0
1
0
0
0
0
0
0
0
2
1
1
2
2
0
0
0
1
0
2
2
0
0
1
0
1
1
1
0
1
0
2
0
1
0
2
0
0
2
2
1
1
0
1
0
0
0
0
0
1
0
1
1
0
2
0
0
1
2
0
1
0
0
0
0
0
0
0
0
0
0
0
0
1
0
1
0
1
0
0
1
1
1
0
0
0
1
1
0
1
1
1
0
1
1
0
0
0
2
0
4
0
2
6
0
0
189
13
1
0
0
0
0
0
0
0
0
0
0
0
0
0
0
0
0
0
26
6
1
0
0
0
0
0
0
0
0
0
0
0
0
0
0
0
0
0
0
0
0
0
0
0
0
0
0
0
0
0
0
0
0
0
0
0
0
0
3
2
1
0
0
0
0
0
0
0
0
0
0
0
0
0
0
0
0
0
0
0
0
0
0
0
0
0
0
0
0
0
0
0
0
0
0
0
0
0
0
0
0
0
0
0
0
0
0
0
0
0
0
0
0
0
0
0
0
0
0
0
0
0
0
0
0
0
0
0
0
0
0
0
0
0
0
0
0
0
0
0
0
0
0
0
0
0
0
0
0
0
0
0
0
0
0
0
0
0
0
0
0
0
0
0
0
0
0
0
0
0
0
0
0
0
0
0
0
0
0
0
0
0
0
0
0
0
0
0
0
0
0
0
0
0
0
0
0
0
0
0
0
0
0
0
0
0
0
0
0
0
0
0
0
0
0
0
0
0
0
0
0
0
0
0
0
0
0
0
0
0
0
0
0
0
0
0
0
0
0
0
0
0
0
0
0
0
0
0
0
0
0
0
0
0
0
0
0
0
0
0
0
0
0
0
0
0
0
0
0
0
0
0
0
0
0
0
0
0
9
0
0
0
0
0
0
0
0
0
0
0
0
0
0
0
0
0
0
0
0
0
0
0
0
0
0
0
0
0
0
0
0
0
0
0
0
0
0
0
0
0
0
0
0
0
0
0
0
0
0
0
0
0
0
0
0
0
0
0
0
0
0
0
0
0
0
0
0
0
0
0
0
0
0
0
0
0
0
0
0
0
0
0
0
0
0
0
0
0
0
0
0
0
0
0
0
0
0
0
0
0
0
0
0
0
0
0
0
0
0
0
0
0
0
0
0
0
0
0
0
0
0
0
0
0
0
0
0
0
0
0
0
0
0
0
0
0
0
0
0
0
0
0
0
0
0
0
0
0
0
0
0
0
0
0
0
0
0
0
0
0
0
0
0
0
0
0
0
0
0
0
0
0
0
0
0
0
0
0
0
0
0
0
0
0
0
0
0
0
0
0
0
0
0
0
0
0
0
0
0
0
0
0
0
0
0
0
0
0
0
0
0
0
0
0
0
0
0
0
0
0
0
0
0
0
0
0
0
0
0
0
0
0
0
0
0
0
0
0
0
0
0
0
0
26
0
29
60
44
56
63
75
85
84
98
131
114
110
139
130
118
120
130
121
109
122
233
199
135
167
216
120
0
157
0
143
0
0
0
0
0
0
0
0
0
0
0
0
0
