simulations:100 population:100 rateOfInfect:4 rateOfRecovery:2 rateOfMoving:4 edgeDistribution:0,9|1,1|0|0|0|0|0|0|0|0|0|0|0|0|0|0|0|0|0|0|0|0 cliqueDistribution:0|0|0|0|0|0|0|0|0|0|0|0|0|0|0|0|0|0|0|0|2|0 retainConnectionsDistribution:0 name:1; name:2;????? name:3;Infected_Clique_Population name:4;Infected_Clique_Infected_Population name:5;Time_Clique_Infected_by_Population name:6;Time_Clique_Infected_by_Infected_Population name:7;Infected_Clique_Population_Given_Major_Outbreak name:8;Infected_Clique_Infected_Population_Given_Major_Outbreak name:9;Index_Clique_Population run:True standardDiviation:True cliquesAndMovement:True time:2018-07-11|13:35:23 kommentar:
0
5
1
0
0
0
0
0
0
1
1
1
6
3
1
1
0
1
0
0
1
0
0
1
1
0
0
1
2
0
2
0
0
0
0
0
0
0
0
1
0
1
1
0
0
0
0
0
0
0
0
0
0
0
0
0
0
0
0
0
0
0
0
0
1
0
0
0
1
0
1
0
0
0
0
1
0
0
0
0
0
0
0
0
0
0
0
0
0
0
0
0
0
0
0
1
0
0
0
0
63
%
24,43
2,89
0,57
0,08
0,05
0
0
0
0
0
0
0
0
0
0
0
0
0
0
0
%
38,82
17,49
8,52
4,02
1,62
0,88
0,31
0,19
0,04
0,03
0,04
0,02
0
0
0
0
0
0
0
0
%
0
0
0
0
0
0
0
0
0,01
0,02
0,07
0,02
0,17
0,08
0,07
0,31
0,18
0,3
0,31
0,41
0,71
0,63
0,51
0,36
0,26
0,19
0,16
0,06
0,07
0,04
0,02
0,01
0,01
0
0
0,01
0,01
0
0
0
0
0
0
0
0
0
0
0
0
0
0
0
0
0
0
0
0
0
0
0
0
0
0
0
0
0
0
0
0
0
0
0
0
0
0
0
0
0
0
0
0
0
0
0
0
0
0
0
0
0
0
0
0
0
0
0
0
0
0
0
%
1,15
0,07
0,01
0
0
0
0
0
0,02
0,02
0,06
0,02
0,17
0,08
0,07
0,31
0,18
0,3
0,3
0,37
0,47
0,39
0,32
0,22
0,18
0,11
0,08
0,05
0,03
0,02
0
0
0
0
0
0
0
0
0
0
0
0
0
0
0
0
0
0
0
0
0
0
0
0
0
0
0
0
0
0
0
0
0
0
0
0
0
0
0
0
0
0
0
0
0
0
0
0
0
0
0
0
0
0
0
0
0
0
0
0
0
0
0
0
0
0
0
0
0
0
%
0
0
0
0
0
0
0
0
0
29
37,33333
17
29,28572
23,5
68,5
84,45
73
80,75
71,14286
73,96
77,90909
42,47826
58,90909
67,66666
79,38461
69
40,4
73,8
98,66666
16
0
0
0
0
0
0
0
0
0
0
0
0
0
0
0
0
0
0
0
0
%
0
28,5
0
0
0
0
0
0
0
29
37,5
17
29,28572
23,5
68,5
84,45
73
80,75
71,20635
75,79166
78
42,60145
60,61905
64
79,42308
69
40,4
73,8
98,66666
16
0
0
0
0
0
0
0
0
0
0
0
0
0
0
0
0
0
0
0
0
%
0
0
0
0
0
0
0
0
0
0
0
0
0,03
0,02
0,05
0,23
0,16
0,26
0,26
0,35
0,43
0,38
0,31
0,2
0,18
0,11
0,08
0,05
0,03
0,02
0
0
0
0
0
0
0
0
0
0
0
0
0
0
0
0
0
0
0
0
0
0
0
0
0
0
0
0
0
0
0
0
0
0
0
0
0
0
0
0
0
0
0
0
0
0
0
0
0
0
0
0
0
0
0
0
0
0
0
0
0
0
0
0
0
0
0
0
0
0
%
0
0
0
0
0
0
0
0
0
0
0
0
0,03
0,02
0,05
0,23
0,16
0,26
0,26
0,35
0,43
0,38
0,31
0,2
0,18
0,11
0,08
0,05
0,03
0,02
0
0
0
0
0
0
0
0
0
0
0
0
0
0
0
0
0
0
0
0
0
0
0
0
0
0
0
0
0
0
0
0
0
0
0
0
0
0
0
0
0
0
0
0
0
0
0
0
0
0
0
0
0
0
0
0
0
0
0
0
0
0
0
0
0
0
0
0
0
0
%
0
0
0
0
0
0
0
0
0,01
0,01
0,03
0,01
0,1
0,03
0,03
0,1
0,02
0,04
0,07
0,12
0,09
0,11
0,08
0,05
0,04
0,01
0,03
0
0,01
0,01
0
0
0
0
0
0
0
0
0
0
0
0
0
0
0
0
0
0
0
0
0
0
0
0
0
0
0
0
0
0
0
0
0
0
0
0
0
0
0
0
0
0
0
0
0
0
0
0
0
0
0
0
0
0
0
0
0
0
0
0
0
0
0
0
0
0
0
0
0
0
