simulations:1000 population:5 rateOfInfect:4 rateOfRecovery:2 rateOfMoving:4 run:True standardDiviation:True cliquesAndMovement:True time:2018-07-05|20:13:04 kommentar:
0
119
22
26
100
733
%
0,398
0,14
0,051
0,027
0,017
0,018
0,013
0,008
0,008
0,002
0,003
0,002
0,002
0,001
0,001
0
0
0,002
0,001
0
%
2,582
0,851
0,435
0,189
0,131
0,049
0,032
0,02
0,008
0,006
0,003
0
0
0
0
0
0
0
0
0
%
0
0
0
0
0
1
%
0
0,119
0,022
0,026
0,1
0,733
%
0
0
0
0
0
0
0
0
0
0
0
0
0
0
0
0
0
0
0
0
0
0
0
0
0
0
0
0
0
0
0
0
0
0
0
0
0
0
0
0
0
0
0
0
0
0
0
0
0
0
