simulations:10000 population:100 rateOfInfect:4 rateOfRecovery:2 rateOfMoving:4 run:True standardDiviation:True cliquesAndMovement:True time:2018-07-05|14:40:30 kommentar:
0
2653
1718
1714
1256
626
438
345
250
186
132
112
91
77
65
41
41
49
30
16
24
24
16
11
13
9
5
6
6
4
5
4
4
3
1
4
2
2
1
1
4
0
2
1
1
2
1
1
0
1
0
1
1
0
0
0
0
0
0
0
0
0
0
0
0
0
0
0
0
0
0
0
0
0
0
0
0
0
0
0
0
0
0
0
0
0
0
0
0
0
0
0
0
0
0
0
0
0
0
0
0
%
93,0434
2,7207
0,1373
0,0099
0,0014
0,0002
0
0
0
0
0
0
0
0
0
0
0
0
0
0
%
3,5743
0,4681
0,0389
0,0054
0,0004
0
0
0
0
0
0
0
0
0
0
0
0
0
0
0
%
0
0,1209
0,3399
0,4858
0,3792
16,0962
2,3318
0,2198
0,0235
0,0023
0,0006
0
0
0
0
0
0
0
0
0
0
0
0
0
0
0
0
0
0
0
0
0
0
0
0
0
0
0
0
0
0
0
0
0
0
0
0
0
0
0
0
0
0
0
0
0
0
0
0
0
0
0
0
0
0
0
0
0
0
0
0
0
0
0
0
0
0
0
0
0
0
0
0
0
0
0
0
0
0
0
0
0
0
0
0
0
0
0
0
0
0
%
18,4263
0,4199
0,3466
0,3995
0,2843
0,1041
0,0176
0,0016
0
0
0,0001
0
0
0
0
0
0
0
0
0
0
0
0
0
0
0
0
0
0
0
0
0
0
0
0
0
0
0
0
0
0
0
0
0
0
0
0
0
0
0
0
0
0
0
0
0
0
0
0
0
0
0
0
0
0
0
0
0
0
0
0
0
0
0
0
0
0
0
0
0
0
0
0
0
0
0
0
0
0
0
0
0
0
0
0
0
0
0
0
0
0
%
0
10,15936
8,866819
8,337806
9,277098
11,29568
16,41667
22,61225
38
0
13
0
0
0
0
0
0
0
0
0
0
0
0
0
0
0
0
0
0
0
0
0
0
0
0
0
0
0
0
0
0
0
0
0
0
0
0
0
0
0
