simulations:400 population:240 rateOfInfect:100 rateOfRecovery:1 rateOfMoving:3,8 standardDiviation:True time:2018-07-04|15:02:00 kommentar:INterestingResult
19,9525 0,9500003
20,0175 1,017241
20,075 2,233122
20,025 1,997332
20,42 3,238808
20,38 3,131307
21,0725 5,470567
20,755 4,210613
21,15 5,67785
20,9125 4,750394
21,1475 5,846459
21,23 6,18406
21,7075 6,823005
21,3375 6,261123
21,905 7,63687
21,3675 6,199888
21,4375 6,202198
22,0775 8,410915
22,04 7,277069
22,6125 9,027231
