simulations:1000 population:240 rateOfInfect:1 rateOfRecovery:1 rateOfMoving:9,5 standardDiviation:True cliquesAndMovement:True time:2018-07-05|09:27:41 kommentar:
55,952 49,45949 0,2432494 0
53,903 57,37858 0,2838333 25,251
50,156 64,55141 0,2891665 46,167
49,051 71,68742 0,291833 67,053
43,631 72,17722 0,2726662 78,748
46,889 78,57683 0,2876664 106,581
40,493 74,45369 0,2657496 110,263
37,782 73,55869 0,2567491 119,932
33,612 70,53201 0,2379995 120,326
32,445 70,5994 0,2331659 129,101
30,943 69,70245 0,2283325 135,88
29,311 67,91624 0,2247492 141,783
25,433 63,36244 0,2066661 131,316
22,928 59,10861 0,2039161 127,299
23,809 62,44162 0,1995829 143,5
24,407 62,72481 0,2099994 156,847
22,491 60,63004 0,1980827 152,155
18,705 55,25926 0,1799163 133,899
20,633 58,58121 0,1898331 155,767
18,273 54,83879 0,1814996 143,703
