simulations:10000 population:5 rateOfInfect:4 rateOfRecovery:2 rateOfMoving:4 run:True standardDiviation:True cliquesAndMovement:True time:2018-07-05|20:13:22 kommentar:
0
1376
248
214
967
7195
%
0,476
0,1348
0,0539
0,0277
0,0184
0,0146
0,0113
0,0075
0,0052
0,0042
0,0041
0,0024
0,0014
0,0005
0,0009
0,0004
0,0004
0,0001
0,0001
0,0004
%
2,5432
0,8098
0,4256
0,2182
0,1144
0,0613
0,0309
0,0157
0,0092
0,0032
0,0022
0,001
0,0004
0,0003
0
0
0,0001
0
0
0,0002
%
0
0
0
0
0
1
%
0
0,1376
0,0248
0,0214
0,0967
0,7195
%
0
0
0
0
0
0
0
0
0
0
0
0
0
0
0
0
0
0
0
0
0
0
0
0
0
0
0
0
0
0
0
0
0
0
0
0
0
0
0
0
0
0
0
0
0
0
0
0
0
0
