simulations:100 population:240 rateOfInfect:1 rateOfRecovery:1 rateOfMoving:7,8 run:False standardDiviation:True cliquesAndMovement:True time:2018-07-11|10:00:14 kommentar:
232,83 40,97573 0,9725 0
230,46 46,97183 0,9633334 23,18
235,22 33,62858 0,9816667 46,8
232,83 40,97572 0,9725 68,87
235,22 33,62857 0,9816667 95,06
235,22 33,62856 0,9816666 116,13
230,45 47,02103 0,9641666 136,63
235,22 33,62857 0,9816667 162,81
237,61 23,89998 0,9908333 185,87
240 0 1 211,09
230,44 47,07017 0,9633334 225,91
230,44 47,07019 0,9633334 249,67
235,22 33,62858 0,9816666 280,39
237,61 23,89998 0,9908333 305,63
230,44 47,07018 0,9633334 313,75
235,22 33,62859 0,9816667 342,95
228,06 52,30752 0,9541667 357,21
232,83 40,97573 0,9725 389,23
232,83 40,97572 0,9725 412,93
232,83 40,97572 0,9725 438,48
235,22 33,62859 0,9816666 452,8
237,61 23,89999 0,9908333 485,3
230,44 47,07016 0,9633334 502,34
225,66 57,04532 0,9450001 509,78
235,22 33,62856 0,9816667 554,36
230,44 47,07016 0,9633333 557,08
230,44 47,07017 0,9633334 581,48
237,61 23,89998 0,9908333 627,83
232,83 40,97573 0,9725 634,5
237,61 23,89999 0,9908333 666,39
230,44 47,07016 0,9633334 672,6
237,61 23,89999 0,9908333 714,49
230,44 47,07016 0,9633333 710,78
232,83 40,97573 0,9725 749,12
237,61 23,9 0,9908333 791,24
235,22 33,62858 0,9816666 788,86
230,44 47,07018 0,9633334 803,79
230,44 47,07017 0,9633334 816,91
225,66 57,04528 0,9450002 828,92
235,22 33,62858 0,9816667 885,45
