simulations:10000 population:5 rateOfInfect:4 rateOfRecovery:2 rateOfMoving:4 run:True standardDiviation:True cliquesAndMovement:True time:2018-07-05|20:13:24 kommentar:
0
1417
253
217
1017
7096
%
0,4817
0,1432
0,0551
0,0331
0,0239
0,0109
0,0121
0,0078
0,0062
0,0052
0,003
0,0018
0,0011
0,0012
0,0006
0,0001
0,0001
0,0001
0,0004
0,0002
%
2,5367
0,8154
0,4168
0,2169
0,1105
0,0567
0,0269
0,0151
0,0089
0,0038
0,002
0,0012
0,0005
0,0002
0,0002
0,0002
0,0001
0
0
0,0001
%
0
0
0
0
0
1
%
0
0,1417
0,0253
0,0217
0,1017
0,7096
%
0
0
0
0
0
0
0
0
0
0
0
0
0
0
0
0
0
0
0
0
0
0
0
0
0
0
0
0
0
0
0
0
0
0
0
0
0
0
0
0
0
0
0
0
0
0
0
0
0
0
