simulations:5000 population:240 rateOfInfect:2 rateOfRecovery:1 rateOfMoving:0,38 standardDiviation:True cliquesAndMovement:True time:2018-07-04|21:18:48 kommentar:
83,5802 64,2358 0,3559031 0
83,377 63,69933 0,3559352 0,7876
83,4674 64,20369 0,3577692 1,5682
83,2674 64,66898 0,3584867 2,3646
85,005 66,08098 0,3675864 3,268
83,656 66,00549 0,3630689 3,9816
84,5236 66,42455 0,3678198 4,8318
86,0538 66,957 0,3750525 5,6862
85,3952 67,06363 0,3736191 6,5002
85,1954 67,86373 0,3738355 7,3028
85,1652 68,30711 0,3751528 7,9986
85,4154 68,53553 0,3768029 8,9066
85,3134 69,04549 0,3778027 9,7532
86,2098 69,22793 0,3839526 10,7018
86,9616 69,73804 0,3870691 11,5394
86,2326 69,9278 0,3853694 12,2342
86,6254 70,84747 0,387586 13,1736
87,7556 70,75716 0,3942026 14,093
88,205 71,80035 0,3965532 14,9348
88,743 72,19633 0,39952 15,8432
