simulations:10 population:100 rateOfInfect:4 rateOfRecovery:2 rateOfMoving:116 standardDiviation:True cliquesAndMovement:True time:2018-07-04|16:22:47 kommentar:
28,1 23,345 0,3 0
45,6 39,37625 0,54 43,4
62,2 48,83714 0,6999999 105,5
44,2 48,06431 0,54 113,1
82,7 36,94455 0,8799999 293,5
33,3 46,05806 0,4400001 146,7
43,1 49,01349 0,52 223,6
51,4 51,26879 0,6 323,2
80,8 40,4799 0,84 541,6
42,8 49,34189 0,58 315,1
42,1 49,84966 0,52 354
51,8 50,82169 0,62 481,6
51,3 51,37455 0,6 526,6
31,6 47,21394 0,44 347,6
51,6 51,04508 0,62 609,2
31,9 46,99752 0,46 394,9
41,4 50,46495 0,5599999 537,9
21,8 41,22782 0,36 242,5
70,7 47,17827 0,76 959,9
42,2 49,81031 0,54 618,3
80,2 41,74207 0,84 1222,7
31,3 47,41788 0,46 494,5
60,8 50,61357 0,6799999 1048,9
70,6 47,3385 0,76 1187,2
41,1 50,69616 0,5199999 729,8
51 51,65269 0,62 992,9
41,7 50,19529 0,56 748,1
60,9 50,48091 0,6799999 1232,5
22,1 41,10272 0,42 434,3
32,3 46,76668 0,52 734,2
