simulations:10 population:1260 rateOfInfect:1 rateOfRecovery:2 rateOfMoving:0,5 time:2018-07-02|23:14:16 kommentar:Test23
1,6
2,8
14,2
42,9
295
529,9
1041,7
835
849,3
489,9
866,4
996,3
1119,5
1126,8
1130,7
1250,8
880
1258,1
1005,3
1133,1
1133,5
1257,2
1250,2
1253
1254
1254,6
750,1
1259,9
1128,2
1260
1125,1
1254,1
1131,8
1258,7
1134,1
1134,1
1133,5
1256,8
1254,7
1248,6
1244,7
1260
1129,3
1120,4
1260
1126,7
1115,9
1128,9
1243,1
1254,3
1241,8
1002,7
1238,9
1250,8
1235
1245,6
1257,2
1115,2
1125,2
1260
