simulations:1000 population:240 rateOfInfect:2 rateOfRecovery:1 rateOfMoving:0,1 run:True standardDiviation:True cliquesAndMovement:True time:2018-07-05|10:26:40 kommentar:
0
22
0
0
0
0
0
0
0
0
0
0
0
0
0
0
3
13
37
111
110
5
1
0
0
0
0
0
0
0
0
0
0
0
0
1
3
9
32
43
44
2
0
0
0
0
0
0
0
0
0
0
0
0
1
2
3
11
23
22
14
2
0
0
0
0
0
0
0
0
0
0
0
0
1
2
3
16
16
19
7
0
0
0
0
0
0
0
0
0
0
0
0
0
1
6
5
17
13
9
12
2
0
0
0
0
0
0
0
0
0
0
0
0
3
1
5
10
11
23
5
0
0
0
0
0
0
0
0
0
0
0
0
0
1
4
7
12
18
10
6
0
0
0
0
0
0
0
0
0
0
0
1
0
1
2
3
9
16
22
10
2
0
0
0
0
0
0
0
0
0
0
0
0
0
1
9
7
14
16
11
3
0
0
0
0
0
0
0
0
0
0
0
0
0
1
2
9
6
24
19
0
0
0
0
0
0
0
0
0
0
0
0
0
0
0
1
2
3
11
18
0
0
0
0
0
0
0
0
0
0
0
0
0
0
0
0
0
0
1
17
151
1
0
0
0
0
0
0
0
0
0
0
0
0
0
0
0
0
0
0
84
2
0
0
0
0
0
0
0
0
0
0
0
0
0
0
0
0
0
0
0
0
0
0
0
0
0
0
0
0
0
0
0
0
0
0
0
0
0
1
8
1
0
0
0
0
0
0
0
0
0
0
0
0
0
0
0
0
0
0
0
0
0
0
0
0
0
0
0
0
0
0
0
0
0
0
0
0
0
0
0
0
0
0
0
0
0
0
0
0
0
0
0
0
0
0
0
0
0
0
0
0
0
0
0
0
0
0
0
0
0
0
0
0
0
0
0
0
0
0
0
0
0
0
0
0
0
0
0
0
0
0
0
0
0
0
0
0
0
0
0
0
0
0
0
0
0
0
0
0
0
0
0
0
0
0
0
0
0
0
0
0
0
0
0
0
0
0
0
0
0
0
0
0
0
0
0
0
0
0
0
0
0
0
0
0
0
0
0
0
0
0
0
0
0
0
0
0
0
0
0
0
0
0
0
0
0
0
0
0
0
0
0
0
0
0
0
0
0
0
0
0
0
0
0
0
0
0
0
0
0
0
0
0
0
0
0
0
0
0
0
0
0
0
0
0
0
0
0
0
0
0
0
0
0
0
0
0
0
0
7
0
0
0
0
0
0
0
0
0
0
0
0
0
0
0
0
0
0
1
1
0
0
0
0
0
0
0
0
0
0
0
0
0
0
0
0
0
0
0
0
0
0
0
0
0
0
0
0
0
0
0
0
0
0
0
0
0
0
0
0
0
0
0
0
0
0
0
0
0
0
0
0
0
0
0
0
0
0
0
0
0
0
0
0
0
0
0
0
0
0
0
0
0
0
0
0
0
0
0
0
0
0
0
0
0
0
0
0
0
0
0
0
0
0
0
0
0
0
0
0
0
0
0
0
0
0
0
0
0
0
0
0
0
0
0
0
0
0
0
0
0
0
0
0
0
0
0
0
0
0
0
0
0
0
0
0
0
0
0
0
0
0
0
0
0
0
0
0
0
0
0
0
0
0
0
0
0
0
0
0
0
0
0
0
0
0
0
0
0
0
0
0
0
0
0
0
0
0
0
0
0
0
0
0
0
0
0
0
0
0
0
0
0
0
0
0
0
0
0
0
0
0
0
0
0
0
0
0
0
0
0
0
0
0
0
0
0
0
0
0
0
0
0
0
0
0
0
0
0
0
0
0
0
0
0
106
88
81
77
73
90
109
128
81
165
0
0
0
0
0
0
0
0
0
0
0
0
0
0
0
0
0
0
0
0
0
0
0
0
