simulations:100 population:240 rateOfInfect:0,5 rateOfRecovery:1 rateOfMoving:9,5 run:False standardDiviation:True cliquesAndMovement:True time:2018-07-05|10:13:12 kommentar:
37,94 28,92757 0,18 0
33,77 45,21662 0,2275001 31,66
32,12 54,40871 0,2375 56,09
31,5 62,58578 0,2400001 80,09
31,41 70,25684 0,2233334 107,19
18,87 51,4021 0,1783332 81,67
20,31 55,96205 0,1841667 97,9
23,49 63,56822 0,195 133,65
19,42 56,40889 0,1858333 123,79
15,47 46,73014 0,1858333 110,14
19,16 56,34359 0,1933333 149,87
28,61 71,06917 0,2316668 247,55
20,78 60,58145 0,1908333 194,66
16,01 51,86863 0,1791667 159,91
15,35 51,91433 0,17 156,61
22,56 64,55087 0,2058333 260,78
17,39 56,66949 0,1741666 212,59
6,24 24,09749 0,1449999 70,12
15,75 51,90733 0,195 212,18
24,19 68,26801 0,2033333 327,39
