simulations:100 population:100 rateOfInfect:0,5 rateOfRecovery:2 rateOfMoving:4 run:True standardDiviation:True cliquesAndMovement:True time:2018-07-05|21:39:23 kommentar:
0
24
11
11
8
7
1
1
6
1
2
1
1
1
1
1
0
0
0
1
0
0
0
0
0
0
0
0
0
0
0
0
0
0
0
0
0
0
0
0
0
0
0
0
0
0
0
1
0
0
0
1
0
0
0
0
0
0
0
0
0
0
0
0
0
0
0
0
0
0
0
0
0
0
1
0
0
0
0
0
0
0
0
0
0
0
0
0
1
0
1
1
0
1
0
1
1
2
3
4
4
%
60,32
10,8
2,69
1,03
0,53
0,29
0,1
0,17
0,05
0,05
0,07
0,05
0,05
0,06
0,06
0,02
0,04
0,06
0,01
0,26
%
5,81
2,83
2,25
1,86
1,51
1,27
1,24
0,83
0,98
0,72
0,55
0,5
0,41
0,33
0,3
0,29
0,21
0,14
0,18
1,08
%
0
0,01
0,07
0,08
0,16
0,12
0,1
0,07
0,05
0,07
0,05
0,02
0,03
0,04
0,07
0,11
0,16
0,13
0,12
0,11
0,5
0,44
0,34
0,44
0,56
0,36
0,17
0,13
0,06
0,08
0,1
0,07
0,03
0,03
0,02
0
0,02
0,01
0,01
0,01
0,01
0,01
0,02
0
0
0
0
0
0,01
0
0
0
0
0
0
0
0
0
0
0
0
0
0
0
0
0
0
0
0
0
0
0
0
0
0
0
0
0
0
0
0
0
0
0
0
0
0
0
0
0
0
0
0
0
0
0
0
0
0
0
0
%
2,76
0,36
0,23
0,18
0,14
0,17
0,08
0,01
0,02
0,01
0,01
0,02
0
0,02
0,07
0,08
0,16
0,08
0,08
0,09
0,05
0,07
0,11
0,06
0,05
0
0,04
0,04
0
0
0,01
0
0
0
0
0
0
0
0
0
0
0
0
0
0
0
0
0
0
0
0
0
0
0
0
0
0
0
0
0
0
0
0
0
0
0
0
0
0
0
0
0
0
0
0
0
0
0
0
0
0
0
0
0
0
0
0
0
0
0
0
0
0
0
0
0
0
0
0
0
0
%
0
0
0
0
0
0
0
0
0
0
0
0
0
0
0
0
0
0
0
0
0
0
0
0
0
0
0
0
0
0
0
0
0
0
0
0
0
0
0
0
0
0
0
0
0
0
0
0
0
0
