simulations:1000 population:240 rateOfInfect:1 rateOfRecovery:1 rateOfMoving:1,9 run:False standardDiviation:True cliquesAndMovement:True time:2018-07-08|13:08:24 kommentar:
52,637 46,91332 0,2307494 0
58,334 50,11095 0,2670829 5,605
55,652 52,70137 0,2664995 10,691
57,367 56,15014 0,2824164 16,252
54,323 56,43444 0,2774996 20,257
53,922 58,99295 0,2812495 25,118
53,035 60,28066 0,2861665 29,975
50,315 57,628 0,2809997 32,84
50,555 60,61033 0,2869995 37,524
51,263 63,67888 0,2913332 42,828
52,081 66,02988 0,2979165 47,826
51,813 69,10281 0,2969996 52,534
52,704 70,34831 0,3054166 58,35
50,347 70,48957 0,2954167 60,539
47,61 69,53562 0,2854166 61,122
50,793 75,21738 0,2974163 70,775
51,206 77,23861 0,2959165 75,197
46,841 71,39687 0,2855832 72,731
48,372 74,63022 0,2909162 78,698
47,673 73,73743 0,2925836 83,421
