simulations:1000 population:240 rateOfInfect:1 rateOfRecovery:1 rateOfMoving:9,5 run:False standardDiviation:True cliquesAndMovement:True time:2018-07-08|13:10:37 kommentar:
56,325 48,68559 0,2454161 0
50,872 55,68296 0,2680828 23,947
55,554 69,77325 0,3130003 51,97
47,622 70,28431 0,2875832 65,473
45,464 75,60913 0,2748326 82,766
39,631 71,02928 0,2613327 89,947
46,163 81,20515 0,286 125,892
41,74 78,53776 0,2683325 131,484
35,712 74,26878 0,2405826 128,306
30,18 67,84525 0,2230827 119,819
26,539 63,16687 0,2139995 116,623
30,308 68,99056 0,2292491 145,537
27,216 66,49272 0,2121659 141,568
23,635 61,18618 0,2023327 133,934
23,865 62,34045 0,2019994 145,075
21,53 59,06186 0,193416 139,879
18,725 53,33778 0,1889995 126,279
23,546 62,47961 0,2051658 168,504
21,964 60,67768 0,1964995 167,432
17,492 52,98622 0,1786662 137,01
