simulations:1000 population:240 rateOfInfect:1 rateOfRecovery:1 rateOfMoving:3 run:False standardDiviation:True cliquesAndMovement:True time:2018-07-09|20:42:44 kommentar:
225,938 40,92086 0,907 0
228,103 40,02428 0,9425 45,106
227,207 44,60059 0,9545 90,735
228,377 43,26033 0,96 136,118
222,637 52,58708 0,944 176,242
220,646 56,92177 0,9435 218,311
220,924 58,0079 0,948 263,338
223,517 53,97548 0,9545 310,637
218,634 62,19278 0,9445 346,626
218,383 62,76701 0,9445 389,335
223,192 55,73342 0,957 442,595
219,245 60,97421 0,947 478,873
216,786 64,97615 0,942 515,6
213,904 67,21544 0,9335 550,07
216,7 65,83856 0,9445 601,959
211,923 70,70549 0,9305 631,828
