simulations:100 population:240 rateOfInfect:1 rateOfRecovery:1 rateOfMoving:57 standardDiviation:True cliquesAndMovement:True time:2018-07-05|09:14:23 kommentar:
55,93 51,51019 0,2433335 0
106,17 113,4202 0,5058334 292,81
63,73 102,3502 0,3425002 325,63
68,64 104,8622 0,3699998 512,32
69,64 106,8448 0,3641666 688,77
55,36 98,59852 0,3175001 671,17
45,9 91,47096 0,2875001 646,54
28,75 74,67389 0,2116667 437,61
40,58 87,50365 0,2608335 724,15
45,35 91,69192 0,2808335 898,33
24,24 68,25563 0,2141667 504,64
40,3 87,60557 0,2566667 927,67
31,25 77,5443 0,2408334 764,12
52,25 97,30784 0,3116668 1377,34
47,68 93,63641 0,3016668 1325,14
25,67 71,82076 0,2016667 747,48
54,75 98,89821 0,3333334 1688,35
28,43 74,80765 0,2275001 957,72
16,69 56,80832 0,1849999 546,92
21,56 64,79436 0,2158334 730,58
