simulations:1000 population:240 rateOfInfect:1 rateOfRecovery:1 rateOfMoving:9,5 run:False standardDiviation:True cliquesAndMovement:True time:2018-07-07|09:38:28 kommentar:
138,233 84,01361 0,5939999 0
128,827 94,18369 0,5890836 60,28
122,678 103,1718 0,5718338 115,102
115,732 108,7846 0,5393337 160,339
99,498 108,7742 0,4782511 183,081
95,019 108,7016 0,4658344 218,654
81,654 105,357 0,4170837 223,559
70,396 101,1617 0,3765007 222,384
67,01 99,50649 0,3686672 241,423
62,152 97,44865 0,3501671 254,248
57,937 95,22052 0,3347506 259,787
53,81 92,91772 0,3185835 262,622
50,895 90,81133 0,3095833 268,095
47,684 88,57646 0,30175 275,286
37,437 78,71508 0,2663329 231,288
41,11 83,54738 0,2733326 270,344
41,262 84,08692 0,2737494 285,578
33,792 76,4224 0,2444157 246,793
36,206 79,05863 0,2604161 277,99
32,943 75,63728 0,2455826 268,453
