simulations:1000 population:240 rateOfInfect:2,5 rateOfRecovery:1 rateOfMoving:0,9 run:False standardDiviation:True cliquesAndMovement:True time:2018-07-07|09:42:19 kommentar:
199,829 69,24091 0,8393338 0
199,982 65,83482 0,8425838 7,697
199,775 70,65495 0,8415007 15,412
202,405 68,47559 0,8535842 23,054
201,345 69,41859 0,8500839 30,491
200,019 72,0401 0,8451672 37,623
198,317 75,26766 0,8398333 45,253
203,923 70,72984 0,861667 54,174
199,55 77,48311 0,845167 60,667
203,613 73,53826 0,8618333 68,988
