simulations:1000 population:100 rateOfInfect:4 rateOfRecovery:2 rateOfMoving:4 run:True standardDiviation:True cliquesAndMovement:True time:2018-07-05|14:40:25 kommentar:
0
245
176
183
129
64
41
49
27
15
13
16
10
4
4
7
3
2
1
3
1
2
0
0
0
2
0
1
0
0
0
0
1
0
1
0
0
0
0
0
0
0
0
0
0
0
0
0
0
0
0
0
0
0
0
0
0
0
0
0
0
0
0
0
0
0
0
0
0
0
0
0
0
0
0
0
0
0
0
0
0
0
0
0
0
0
0
0
0
0
0
0
0
0
0
0
0
0
0
0
0
%
93,29
2,638
0,141
0,007
0,001
0
0
0
0
0
0
0
0
0
0
0
0
0
0
0
%
3,461
0,431
0,028
0,003
0
0
0
0
0
0
0
0
0
0
0
0
0
0
0
0
%
0
0,098
0,356
0,475
0,362
16,212
2,244
0,232
0,02
0,001
0
0
0
0
0
0
0
0
0
0
0
0
0
0
0
0
0
0
0
0
0
0
0
0
0
0
0
0
0
0
0
0
0
0
0
0
0
0
0
0
0
0
0
0
0
0
0
0
0
0
0
0
0
0
0
0
0
0
0
0
0
0
0
0
0
0
0
0
0
0
0
0
0
0
0
0
0
0
0
0
0
0
0
0
0
0
0
0
0
0
0
%
18,475
0,396
0,352
0,403
0,267
0,097
0,009
0,001
0
0
0
0
0
0
0
0
0
0
0
0
0
0
0
0
0
0
0
0
0
0
0
0
0
0
0
0
0
0
0
0
0
0
0
0
0
0
0
0
0
0
0
0
0
0
0
0
0
0
0
0
0
0
0
0
0
0
0
0
0
0
0
0
0
0
0
0
0
0
0
0
0
0
0
0
0
0
0
0
0
0
0
0
0
0
0
0
0
0
0
0
0
%
0
8,476191
8,0125
7,328358
7,784483
8,550725
12,77419
25
22
0
0
0
0
0
0
0
0
0
0
0
0
0
0
0
0
0
0
0
0
0
0
0
0
0
0
0
0
0
0
0
0
0
0
0
0
0
0
0
0
0
