simulations:10000 population:240 rateOfInfect:1 rateOfRecovery:1 rateOfMoving:7,8 run:False standardDiviation:True cliquesAndMovement:True time:2018-07-11|11:01:49 kommentar:
55,6983 47,5867 0,2435584 0
66,5847 61,52596 0,31272 12,5165
76,7185 73,49482 0,3724935 28,7746
85,1199 83,68167 0,4168777 47,7017
95,3146 92,75091 0,4618059 70,7886
101,4848 99,52452 0,4858085 94,1171
105,9367 104,0449 0,5016338 117,4278
109,0746 106,9557 0,5133674 140,7205
109,1471 109,102 0,5109271 160,4137
109,5131 110,6488 0,5110768 180,8105
110,4459 111,8452 0,5141275 202,3348
106,9292 112,0254 0,5010505 214,6459
109,0881 112,9861 0,508868 238,3226
104,5914 112,7871 0,4922093 246,6816
105,526 113,2497 0,4968246 267,3177
100,7669 112,5676 0,4796657 272,8128
101,5428 113,1148 0,4822483 291,775
99,3781 112,8563 0,4748065 303,2194
96,7271 112,3626 0,4660984 311,656
95,3304 112,3705 0,460414 323,8358
93,037 111,851 0,4527621 330,7589
92,7573 112,0369 0,4515531 346,345
89,5034 111,0382 0,4417701 348,5504
91,0649 111,8862 0,4459265 370,4504
87,1526 110,7659 0,432076 368,662
88,8029 111,3705 0,438459 390,6361
87,1088 111,0174 0,4319177 397,8555
85,4487 110,4461 0,4271176 403,5388
84,4797 110,3119 0,4235246 413,0832
81,1158 109,1228 0,411589 410,1356
82,6154 109,8719 0,4169315 431,7357
78,9266 108,5172 0,4027874 423,5249
80,4384 109,1694 0,4095638 444,9546
79,3932 108,7534 0,4069546 452,4321
75,6756 107,3305 0,3921969 442,7899
76,5448 107,8011 0,3960477 459,603
74,2255 106,8504 0,3872978 457,2647
74,5835 107,0602 0,3895138 472,4601
73,7352 106,7945 0,3858806 477,2404
72,0828 106,0441 0,3801726 478,2785
