simulations:2000 population:240 rateOfInfect:2,4 rateOfRecovery:1 rateOfMoving:3,6 run:False standardDiviation:True cliquesAndMovement:True time:2018-07-07|17:30:48 kommentar:
1 0 0,08333293 16,0335
1,53 0,8862783 0,08770772 17,3305
2,1725 1,554664 0,09429092 19,1305
2,9595 2,47871 0,1016657 21,165
4,4255 10,0338 0,1134573 27,316
6,2225 15,7891 0,1271655 33,5885
9,5675 28,01347 0,1428744 46,4935
15,1325 42,16273 0,1661256 65,8525
23,077 56,56813 0,1972926 90,801
29,6125 65,77097 0,2199599 104,786
36,859 73,97446 0,2470432 119,4315
44,7325 81,10185 0,2755844 131,095
52,5135 87,57478 0,3050413 142,7505
62,289 93,96767 0,3402076 157,035
65,4425 95,3895 0,3527491 154,8435
72,2475 99,05481 0,3752904 159,89
77,4185 101,7468 0,3919152 160,8925
84,4765 103,6914 0,4202073 166,4815
90,04 105,3144 0,44029 166,5395
94,2625 106,2845 0,45529 166,251
100,5165 108,2676 0,476831 167,7605
104,124 107,8604 0,4927482 165,8385
107,6165 108,3028 0,5040823 163,5395
111,7175 109,7631 0,5162894 163,8265
113,1585 108,7018 0,5224569 158,2705
