simulations:5000 population:240 rateOfInfect:1 rateOfRecovery:2 rateOfMoving:3 run:False standardDiviation:True cliquesAndMovement:True time:2018-07-09|19:17:20 kommentar:
10,2348 7,712834 0,05520064 0
8,466 6,422712 0,05341777 1,4522
7,3936 5,261299 0,0519763 2,4894
6,4308 4,650425 0,05081798 3,1644
5,82 4,198529 0,05001813 3,7276
5,3744 3,784108 0,04918471 4,1508
4,8892 3,30705 0,04832647 4,5066
4,6152 3,230647 0,04854314 4,9026
4,2896 2,935397 0,04798479 5,1674
4,0842 2,85341 0,0477931 5,3318
3,835 2,629678 0,04736801 5,5336
3,7078 2,531039 0,04690978 5,6568
3,5472 2,312854 0,04676814 5,8858
3,4074 2,264873 0,04676802 6,0322
3,282 2,14097 0,04627638 6,151
3,1662 2,065499 0,0463014 6,2748
