simulations:1000 population:240 rateOfInfect:1 rateOfRecovery:1 rateOfMoving:0,5 run:True standardDiviation:True cliquesAndMovement:True time:2018-07-07|09:38:32 kommentar:
0
40
1
1
0
0
0
0
0
2
4
24
28
44
33
29
28
16
2
1
0
0
1
2
2
8
6
6
10
7
8
3
7
5
1
2
1
0
2
1
2
2
8
7
2
8
4
7
5
1
2
1
0
0
1
1
0
2
2
5
5
2
0
3
4
3
6
1
1
0
1
0
0
3
0
1
1
3
2
2
2
1
2
2
1
2
1
0
0
1
1
0
0
1
3
4
2
3
3
0
2
1
1
0
2
1
0
0
0
0
1
0
1
1
1
5
0
1
2
2
1
1
2
0
2
1
0
0
2
0
0
0
1
1
1
1
4
4
2
1
2
1
3
3
2
3
0
0
0
0
0
0
1
0
0
3
3
0
5
1
7
4
4
4
2
6
0
1
1
1
0
0
1
1
0
1
3
1
3
4
4
2
3
3
9
8
5
3
4
2
4
3
3
1
1
0
0
0
1
2
3
3
2
4
0
5
4
5
6
1
13
20
16
10
12
5
5
4
2
0
0
1
0
1
0
3
1
1
3
1
3
3
7
6
10
10
9
14
16
32
133
%
103,896
7,884
1,367
0,311
0,08
0,016
0,006
0,002
0
0
0
0
0
0
0
0
0
0
0
0
%
92,439
24,387
6,771
2,04
0,544
0,174
0,061
0,015
0,005
0,002
0
0
0
0
0
0
0
0
0
0
%
0
0
0
0
0
0
0
0
0,004
0,003
0,02
0,058
0,13
0,193
0,293
0,431
0,593
0,712
0,718
0,832
2,853
1,967
1,177
0,69
0,467
0,288
0,237
0,138
0,088
0,049
0,027
0,012
0,015
0,002
0,002
0,001
0
0
0
0
0
0
0
0
0
0
0
0
0
0
0
0
0
0
0
0
0
0
0
0
0
0
0
0
0
0
0
0
0
0
0
0
0
0
0
0
0
0
0
0
0
0
0
0
0
0
0
0
0
0
0
0
0
0
0
0
0
0
0
0
0
0
0
0
0
0
0
0
0
0
0
0
0
0
0
0
0
0
0
0
0
0
0
0
0
0
0
0
0
0
0
0
0
0
0
0
0
0
0
0
0
0
0
0
0
0
0
0
0
0
0
0
0
0
0
0
0
0
0
0
0
0
0
0
0
0
0
0
0
0
0
0
0
0
0
0
0
0
0
0
0
0
0
0
0
0
0
0
0
0
0
0
0
0
0
0
0
0
0
0
0
0
0
0
0
0
0
0
0
0
0
0
0
0
0
0
0
0
0
0
0
0
0
0
0
0
0
0
0
0
0
0
0
0
0
0
0
0
0
0
%
5,046
0,152
0,007
0,001
0
0
0,001
0
0,006
0,003
0,022
0,067
0,137
0,214
0,338
0,439
0,642
0,735
0,711
0,815
0,723
0,63
0,47
0,339
0,214
0,125
0,098
0,034
0,022
0,004
0,003
0,002
0
0
0
0
0
0
0
0
0
0
0
0
0
0
0
0
0
0
0
0
0
0
0
0
0
0
0
0
0
0
0
0
0
0
0
0
0
0
0
0
0
0
0
0
0
0
0
0
0
0
0
0
0
0
0
0
0
0
0
0
0
0
0
0
0
0
0
0
0
0
0
0
0
0
0
0
0
0
0
0
0
0
0
0
0
0
0
0
0
0
0
0
0
0
0
0
0
0
0
0
0
0
0
0
0
0
0
0
0
0
0
0
0
0
0
0
0
0
0
0
0
0
0
0
0
0
0
0
0
0
0
0
0
0
0
0
0
0
0
0
0
0
0
0
0
0
0
0
0
0
0
0
0
0
0
0
0
0
0
0
0
0
0
0
0
0
0
0
0
0
0
0
0
0
0
0
0
0
0
0
0
0
0
0
0
0
0
0
0
0
0
0
0
0
0
0
0
0
0
0
0
0
0
0
0
0
0
0
%
0
0
0
0
0
0
0
0
130
287
101,3
99,46429
106,9877
116,062
118,5594
129,0559
144,0376
139,3195
144,7139
140,2854
147,5741
145,6432
147,4531
163,7829
151,9838
154,1
151,1735
160,6591
158,8519
208,2222
85,5
413
0
0
209
0
0
0
0
0
0
0
0
0
0
0
0
0
0
0
%
0
123,9363
195,8333
0
0
0
160
0
130
287
88,66666
100,2121
103,3313
109,5251
112,9486
126,9347
134,3859
136,5718
144,0141
142,6075
157,3629
155,9652
152,8194
169,5062
159,6718
158,2525
154,9412
171,2188
130,3421
223
85,5
413
0
0
0
0
0
0
0
0
0
0
0
0
0
0
0
0
0
0
%
0
0
0
0
0
0
0
0
0,001
0
0
0
0,007
0,016
0,029
0,059
0,088
0,144
0,161
0,209
0,194
0,2
0,163
0,123
0,067
0,061
0,044
0,016
0,009
0,002
0,003
0
0
0
0
0
0
0
0
0
0
0
0
0
0
0
0
0
0
0
0
0
0
0
0
0
0
0
0
0
0
0
0
0
0
0
0
0
0
0
0
0
0
0
0
0
0
0
0
0
0
0
0
0
0
0
0
0
0
0
0
0
0
0
0
0
0
0
0
0
0
0
0
0
0
0
0
0
0
0
0
0
0
0
0
0
0
0
0
0
0
0
0
0
0
0
0
0
0
0
0
0
0
0
0
0
0
0
0
0
0
0
0
0
0
0
0
0
0
0
0
0
0
0
0
0
0
0
0
0
0
0
0
0
0
0
0
0
0
0
0
0
0
0
0
0
0
0
0
0
0
0
0
0
0
0
0
0
0
0
0
0
0
0
0
0
0
0
0
0
0
0
0
0
0
0
0
0
0
0
0
0
0
0
0
0
0
0
0
0
0
0
0
0
0
0
0
0
0
0
0
0
0
0
0
0
0
0
0
0
%
0
0
0
0
0
0
0
0
0,001
0
0
0
0,007
0,016
0,029
0,059
0,088
0,144
0,161
0,209
0,194
0,2
0,163
0,123
0,067
0,061
0,044
0,016
0,009
0,002
0,003
0
0
0
0
0
0
0
0
0
0
0
0
0
0
0
0
0
0
0
0
0
0
0
0
0
0
0
0
0
0
0
0
0
0
0
0
0
0
0
0
0
0
0
0
0
0
0
0
0
0
0
0
0
0
0
0
0
0
0
0
0
0
0
0
0
0
0
0
0
0
0
0
0
0
0
0
0
0
0
0
0
0
0
0
0
0
0
0
0
0
0
0
0
0
0
0
0
0
0
0
0
0
0
0
0
0
0
0
0
0
0
0
0
0
0
0
0
0
0
0
0
0
0
0
0
0
0
0
0
0
0
0
0
0
0
0
0
0
0
0
0
0
0
0
0
0
0
0
0
0
0
0
0
0
0
0
0
0
0
0
0
0
0
0
0
0
0
0
0
0
0
0
0
0
0
0
0
0
0
0
0
0
0
0
0
0
0
0
0
0
0
0
0
0
0
0
0
0
0
0
0
0
0
0
0
0
0
0
0
%
0
0
0
0
0
0
0
0
0
0,002
0,01
0,03
0,047
0,074
0,071
0,09
0,105
0,108
0,079
0,081
0,107
0,071
0,036
0,029
0,024
0,018
0,01
0,002
0,002
0,002
0,001
0,001
0
0
0
0
0
0
0
0
0
0
0
0
0
0
0
0
0
0
0
0
0
0
0
0
0
0
0
0
0
0
0
0
0
0
0
0
0
0
0
0
0
0
0
0
0
0
0
0
0
0
0
0
0
0
0
0
0
0
0
0
0
0
0
0
0
0
0
0
0
0
0
0
0
0
0
0
0
0
0
0
0
0
0
0
0
0
0
0
0
0
0
0
0
0
0
0
0
0
0
0
0
0
0
0
0
0
0
0
0
0
0
0
0
0
0
0
0
0
0
0
0
0
0
0
0
0
0
0
0
0
0
0
0
0
0
0
0
0
0
0
0
0
0
0
0
0
0
0
0
0
0
0
0
0
0
0
0
0
0
0
0
0
0
0
0
0
0
0
0
0
0
0
0
0
0
0
0
0
0
0
0
0
0
0
0
0
0
0
0
0
0
0
0
0
0
0
0
0
0
0
0
0
0
0
0
0
0
0
