simulations:1000 population:240 rateOfInfect:0,5 rateOfRecovery:1 rateOfMoving:2 run:True standardDiviation:True cliquesAndMovement:True time:2018-07-07|09:40:22 kommentar:
0
125
52
72
117
119
85
62
42
35
25
30
14
23
18
5
9
10
6
5
6
4
5
8
7
6
4
1
3
4
5
4
2
7
1
3
2
0
2
1
0
5
1
1
1
2
2
0
2
0
2
0
2
0
0
0
0
2
2
0
0
0
0
0
0
0
1
1
0
0
0
1
0
1
0
0
0
0
0
1
0
0
1
0
1
0
0
0
0
1
0
0
0
0
0
0
0
1
1
0
0
0
0
0
0
0
0
0
0
1
0
0
0
0
0
1
0
0
0
0
0
0
0
0
0
0
0
0
0
0
0
0
0
0
1
0
0
0
0
0
0
0
0
0
0
0
0
0
0
1
0
0
0
0
1
0
0
0
0
0
0
0
0
0
0
0
0
0
0
0
1
0
0
0
0
0
0
0
0
0
0
0
0
0
0
0
0
0
0
1
1
0
0
0
0
0
0
1
0
0
0
0
0
0
1
0
1
1
0
0
0
0
0
0
1
0
0
1
0
1
1
0
0
1
0
0
0
0
0
0
0
2
0
1
0
1
1
2
0
4
11
%
200,05
18,15
2,973
0,811
0,318
0,153
0,096
0,059
0,039
0,027
0,016
0,017
0,012
0,008
0,007
0,007
0,003
0,004
0,002
0,007
%
9,136
2,837
1,518
1,034
0,637
0,53
0,38
0,305
0,217
0,155
0,13
0,084
0,063
0,058
0,037
0,032
0,012
0,024
0,013
0,039
%
0
0,003
0,038
0,101
0,215
0,266
0,239
0,213
0,14
0,1
0,078
0,065
0,037
0,035
0,04
0,05
0,049
0,055
0,076
0,071
2,568
2,718
1,963
1,157
0,569
0,323
0,216
0,153
0,126
0,07
0,057
0,035
0,043
0,026
0,019
0,023
0,01
0,011
0,006
0,011
0,003
0
0,002
0,005
0
0
0,004
0,002
0,002
0,001
0
0,002
0,001
0
0
0,002
0
0
0
0
0
0
0,001
0
0
0
0
0
0
0
0
0
0
0
0
0
0
0
0
0
0
0
0
0
0
0
0
0
0
0
0
0
0
0
0
0
0
0
0
0
0
0
0
0
0
0
0
0
0
0
0
0
0
0
0
0
0
0
0
0
0
0
0
0
0
0
0
0
0
0
0
0
0
0
0
0
0
0
0
0
0
0
0
0
0
0
0
0
0
0
0
0
0
0
0
0
0
0
0
0
0
0
0
0
0
0
0
0
0
0
0
0
0
0
0
0
0
0
0
0
0
0
0
0
0
0
0
0
0
0
0
0
0
0
0
0
0
0
0
0
0
0
0
0
0
0
0
0
0
0
0
0
0
0
0
0
0
0
0
0
0
0
0
0
0
0
0
0
0
0
0
0
0
0
0
0
0
0
0
0
%
9,833
0,203
0,101
0,141
0,23
0,272
0,246
0,202
0,128
0,097
0,061
0,049
0,027
0,022
0,032
0,024
0,038
0,036
0,044
0,039
0,03
0,035
0,029
0,017
0,016
0,012
0,015
0,007
0,009
0,004
0
0,001
0
0
0
0
0
0
0
0
0
0
0
0
0
0
0
0
0
0
0
0
0
0
0
0
0
0
0
0
0
0
0
0
0
0
0
0
0
0
0
0
0
0
0
0
0
0
0
0
0
0
0
0
0
0
0
0
0
0
0
0
0
0
0
0
0
0
0
0
0
0
0
0
0
0
0
0
0
0
0
0
0
0
0
0
0
0
0
0
0
0
0
0
0
0
0
0
0
0
0
0
0
0
0
0
0
0
0
0
0
0
0
0
0
0
0
0
0
0
0
0
0
0
0
0
0
0
0
0
0
0
0
0
0
0
0
0
0
0
0
0
0
0
0
0
0
0
0
0
0
0
0
0
0
0
0
0
0
0
0
0
0
0
0
0
0
0
0
0
0
0
0
0
0
0
0
0
0
0
0
0
0
0
0
0
0
0
0
0
0
0
0
0
0
0
0
0
0
0
0
0
0
0
0
0
0
0
0
0
%
0
16
34,88889
41,4
43,22414
50,375
49,41758
47,91026
61,66154
79,72881
88,47619
126,6286
127,6667
182,381
184,2143
165,9615
218,2759
210,8214
203,75
163,5
152,6667
151,8421
155,44
139,75
174,9286
206,7
287,5882
205,2
152,3
127,6364
220
228
82
0
24
50
0
188
0
329
0
0
148
234
0
0
0
0
0
61
%
0
46,33333
62,05882
39,74561
43,91944
47,26163
49,28278
53,16768
67,3099
83,32533
109,3947
157,6611
183,119
167,3
226,3889
204,2556
246,1533
254,6812
257,1089
186,7716
219,6471
203,3188
210,3889
252,9333
179,6364
291,25
304,2083
210,6
155,5
218,75
0
66
0
0
0
0
0
0
0
0
0
0
0
0
0
0
0
0
0
0
%
0
0
0
0
0
0
0
0
0
0
0
0,002
0,001
0,001
0,006
0,007
0,013
0,007
0,017
0,012
0,01
0,009
0,01
0,007
0,008
0,007
0,008
0,001
0,003
0,003
0
0
0
0
0
0
0
0
0
0
0
0
0
0
0
0
0
0
0
0
0
0
0
0
0
0
0
0
0
0
0
0
0
0
0
0
0
0
0
0
0
0
0
0
0
0
0
0
0
0
0
0
0
0
0
0
0
0
0
0
0
0
0
0
0
0
0
0
0
0
0
0
0
0
0
0
0
0
0
0
0
0
0
0
0
0
0
0
0
0
0
0
0
0
0
0
0
0
0
0
0
0
0
0
0
0
0
0
0
0
0
0
0
0
0
0
0
0
0
0
0
0
0
0
0
0
0
0
0
0
0
0
0
0
0
0
0
0
0
0
0
0
0
0
0
0
0
0
0
0
0
0
0
0
0
0
0
0
0
0
0
0
0
0
0
0
0
0
0
0
0
0
0
0
0
0
0
0
0
0
0
0
0
0
0
0
0
0
0
0
0
0
0
0
0
0
0
0
0
0
0
0
0
0
0
0
0
0
0
0
%
0
0
0
0
0
0
0
0
0
0
0
0,002
0,001
0,001
0,006
0,007
0,013
0,007
0,017
0,012
0,01
0,009
0,01
0,007
0,008
0,007
0,008
0,001
0,003
0,003
0
0
0
0
0
0
0
0
0
0
0
0
0
0
0
0
0
0
0
0
0
0
0
0
0
0
0
0
0
0
0
0
0
0
0
0
0
0
0
0
0
0
0
0
0
0
0
0
0
0
0
0
0
0
0
0
0
0
0
0
0
0
0
0
0
0
0
0
0
0
0
0
0
0
0
0
0
0
0
0
0
0
0
0
0
0
0
0
0
0
0
0
0
0
0
0
0
0
0
0
0
0
0
0
0
0
0
0
0
0
0
0
0
0
0
0
0
0
0
0
0
0
0
0
0
0
0
0
0
0
0
0
0
0
0
0
0
0
0
0
0
0
0
0
0
0
0
0
0
0
0
0
0
0
0
0
0
0
0
0
0
0
0
0
0
0
0
0
0
0
0
0
0
0
0
0
0
0
0
0
0
0
0
0
0
0
0
0
0
0
0
0
0
0
0
0
0
0
0
0
0
0
0
0
0
0
0
0
0
0
%
0
0,002
0,029
0,066
0,155
0,173
0,135
0,119
0,065
0,035
0,026
0,02
0,012
0,011
0,01
0,016
0,012
0,017
0,022
0,025
0,024
0,003
0,006
0,005
0,003
0,003
0,001
0
0,003
0
0,001
0
0,001
0
0
0
0
0
0
0
0
0
0
0
0
0
0
0
0
0
0
0
0
0
0
0
0
0
0
0
0
0
0
0
0
0
0
0
0
0
0
0
0
0
0
0
0
0
0
0
0
0
0
0
0
0
0
0
0
0
0
0
0
0
0
0
0
0
0
0
0
0
0
0
0
0
0
0
0
0
0
0
0
0
0
0
0
0
0
0
0
0
0
0
0
0
0
0
0
0
0
0
0
0
0
0
0
0
0
0
0
0
0
0
0
0
0
0
0
0
0
0
0
0
0
0
0
0
0
0
0
0
0
0
0
0
0
0
0
0
0
0
0
0
0
0
0
0
0
0
0
0
0
0
0
0
0
0
0
0
0
0
0
0
0
0
0
0
0
0
0
0
0
0
0
0
0
0
0
0
0
0
0
0
0
0
0
0
0
0
0
0
0
0
0
0
0
0
0
0
0
0
0
0
0
0
0
0
0
0
