simulations:10000 population:100 rateOfInfect:2 rateOfRecovery:1 rateOfMoving:1 run:True standardDiviation:True cliquesAndMovement:True time:2018-07-05|12:59:48 kommentar:
0
258
6
1
0
1
0
1
5
13
21
80
171
305
375
427
374
267
139
35
10
2
0
1
4
3
15
29
51
64
87
135
157
145
126
95
49
22
4
4
1
0
0
1
3
2
10
26
34
60
97
98
103
121
82
70
39
21
7
1
0
1
0
0
1
1
4
3
5
17
42
66
116
164
215
218
203
117
68
26
5
0
1
1
0
0
0
0
0
0
0
0
0
0
1
4
6
12
15
22
4408
%
31
2
0
0
0
0
0
0
0
0
0
0
0
0
0
0
0
0
0
0
%
46
13
3
1
0
0
0
0
0
0
0
0
0
0
0
0
0
0
0
0
%
0
0
0
0
0
0
0
0
0
0
0
0
0
0
0
0
0
0
0
0
0
0
0
0
0
0
0
0
0
0
0
0
0
0
0
0
0
0
0
0
0
0
0
0
0
0
0
0
0
0
0
0
0
0
0
0
0
0
0
0
0
0
0
0
0
0
0
0
0
0
0
0
0
0
0
0
0
0
0
0
0
0
0
0
0
0
0
0
0
0
0
0
0
0
0
0
0
0
0
0
%
1
0
0
0
0
0
0
0
0
0
0
0
0
0
0
0
0
0
0
0
0
0
0
0
0
0
0
0
0
0
0
0
0
0
0
0
0
0
0
0
0
0
0
0
0
0
0
0
0
0
0
0
0
0
0
0
0
0
0
0
0
0
0
0
0
0
0
0
0
0
0
0
0
0
0
0
0
0
0
0
0
0
0
0
0
0
0
0
0
0
0
0
0
0
0
0
0
0
0
0
%
0
0
0
0
0
0
0
0
25
0
53
50
50
51
51
51
56
56
56
58
58
60
60
61
62
60
61
60
66
63
86
20
83
32
0
0
0
0
0
0
0
0
0
0
0
0
0
0
0
0
