simulations:1000 population:240 rateOfInfect:1 rateOfRecovery:1 rateOfMoving:2 run:True standardDiviation:True cliquesAndMovement:True time:2018-07-05|23:27:28 kommentar:
0
49
7
13
19
44
73
82
84
49
48
16
15
11
19
16
22
23
14
9
15
6
4
8
5
11
7
5
10
9
3
7
5
8
8
8
6
1
2
6
6
3
6
7
4
2
3
1
5
1
4
4
0
0
1
3
4
0
1
1
1
1
3
6
1
1
1
0
1
1
1
2
0
1
1
0
2
1
1
1
1
1
0
1
0
1
1
1
2
1
1
0
0
0
0
0
0
0
1
1
0
0
0
2
1
1
2
0
2
1
0
0
1
0
1
2
1
2
0
0
0
0
1
0
0
2
1
0
0
0
1
1
0
0
0
1
0
0
1
0
0
1
0
0
0
0
0
0
0
1
0
1
0
0
0
1
0
1
1
0
2
0
1
0
0
0
0
0
0
0
0
0
0
0
0
0
0
1
0
0
0
2
2
0
0
1
0
1
0
1
0
1
0
1
3
0
0
0
0
0
0
0
0
0
1
1
0
0
1
0
0
1
0
0
0
0
1
0
0
0
1
0
1
0
1
0
0
0
0
0
1
2
0
1
0
2
1
3
5
6
84
%
171,516
16,361
2,904
0,794
0,284
0,115
0,071
0,048
0,019
0,012
0,006
0,005
0,002
0,001
0,003
0,001
0,001
0
0
0,001
%
24,307
9,984
5,326
3,178
1,863
1,145
0,733
0,495
0,282
0,194
0,129
0,09
0,043
0,028
0,017
0,011
0,01
0,004
0,005
0,012
%
0
0
0,003
0,014
0,026
0,083
0,152
0,214
0,24
0,229
0,232
0,174
0,14
0,16
0,141
0,153
0,154
0,166
0,18
0,192
2,269
2,471
1,723
0,963
0,605
0,376
0,275
0,168
0,128
0,085
0,064
0,047
0,036
0,027
0,019
0,019
0,016
0,009
0,007
0,007
0,006
0,003
0,003
0,009
0,003
0,002
0
0,002
0
0
0,002
0,003
0
0
0
0
0
0
0
0
0
0
0
0
0
0
0
0
0
0
0
0
0
0
0
0
0
0
0
0
0
0
0
0
0
0
0
0
0
0
0
0
0
0
0
0
0
0
0
0
0
0
0
0
0
0
0
0
0
0
0
0
0
0
0
0
0
0
0
0
0
0
0
0
0
0
0
0
0
0
0
0
0
0
0
0
0
0
0
0
0
0
0
0
0
0
0
0
0
0
0
0
0
0
0
0
0
0
0
0
0
0
0
0
0
0
0
0
0
0
0
0
0
0
0
0
0
0
0
0
0
0
0
0
0
0
0
0
0
0
0
0
0
0
0
0
0
0
0
0
0
0
0
0
0
0
0
0
0
0
0
0
0
0
0
0
0
0
0
0
0
0
0
0
0
0
0
0
0
0
0
0
0
0
0
0
0
0
0
0
%
8,487
0,099
0,008
0,022
0,031
0,091
0,162
0,223
0,256
0,243
0,227
0,179
0,145
0,163
0,136
0,149
0,139
0,162
0,157
0,165
0,169
0,141
0,126
0,084
0,07
0,055
0,043
0,023
0,019
0,012
0,007
0,004
0,001
0,001
0,001
0
0
0
0
0
0
0
0
0
0
0
0
0
0
0
0
0
0
0
0
0
0
0
0
0
0
0
0
0
0
0
0
0
0
0
0
0
0
0
0
0
0
0
0
0
0
0
0
0
0
0
0
0
0
0
0
0
0
0
0
0
0
0
0
0
0
0
0
0
0
0
0
0
0
0
0
0
0
0
0
0
0
0
0
0
0
0
0
0
0
0
0
0
0
0
0
0
0
0
0
0
0
0
0
0
0
0
0
0
0
0
0
0
0
0
0
0
0
0
0
0
0
0
0
0
0
0
0
0
0
0
0
0
0
0
0
0
0
0
0
0
0
0
0
0
0
0
0
0
0
0
0
0
0
0
0
0
0
0
0
0
0
0
0
0
0
0
0
0
0
0
0
0
0
0
0
0
0
0
0
0
0
0
0
0
0
0
0
0
0
0
0
0
0
0
0
0
0
0
0
0
0
0
0
0
%
0
0
0
20,25
17,8
35,72
39,69811
53
57,34343
60,48515
59,79279
101,8319
98,79762
142,5943
142,0106
211,2626
179,054
212,0093
209,9703
198,625
186,5455
192,2959
202,8876
177,28
202,4561
155,3404
212,6061
163,9583
159,2632
243,1667
165
173,8333
181
171
0
0
174
296
0
0
0
0
0
290,3333
0
0
0
0
0
302
