simulations:5000 population:240 rateOfInfect:6 rateOfRecovery:1 rateOfMoving:3 run:False standardDiviation:True cliquesAndMovement:True time:2018-07-09|19:13:54 kommentar:
119,5722 74,04843 0,5016996 0
114,0022 74,24421 0,4831499 3,681
112,144 74,57701 0,4794675 7,0862
109,259 74,97241 0,4716842 10,3678
106,2886 75,30125 0,4632842 13,4108
102,734 75,66446 0,452234 16,3448
101,4138 76,34822 0,4505005 19,2004
98,0792 75,88367 0,4397515 21,6958
96,3132 76,0122 0,4360683 24,279
92,7676 75,38211 0,4242852 26,3842
90,2984 74,84822 0,4171521 28,5032
87,7102 74,58616 0,4094367 30,506
87,0422 74,91631 0,409286 32,8372
83,7314 74,47073 0,3978357 34,3486
82,2204 74,51049 0,3935864 36,2824
78,6128 73,92048 0,3811362 37,091
