simulations:100 population:240 rateOfInfect:1 rateOfRecovery:1 rateOfMoving:3 run:False standardDiviation:True cliquesAndMovement:True time:2018-07-09|20:35:29 kommentar:
226 44,5403 0,925 0
228,22 38,10128 0,945 44,12
226,44 48,3425 0,96 90,16
221,84 54,03957 0,94 131,89
225,21 52,81097 0,96 179,04
232,53 34,68896 0,975 229,18
229,08 42,23187 0,965 268,6
229,82 41,99043 0,97 316,79
211,65 68,28834 0,925 335,82
209,48 72,41036 0,92 369,66
220,94 61,39453 0,955 437,82
215,27 66,12581 0,935 462,84
213,2 68,0852 0,93 502,03
220,24 57,48259 0,945 574,39
216,8 64,23695 0,94 602,28
210,78 73,42029 0,93 622,52
