simulations:1000 population:240 rateOfInfect:0,7 rateOfRecovery:1 rateOfMoving:2 run:True standardDiviation:True cliquesAndMovement:True time:2018-07-07|09:40:29 kommentar:
0
91
12
25
52
84
92
60
67
37
13
20
17
24
22
14
18
20
9
7
12
17
6
10
9
4
9
6
6
4
8
1
0
3
3
5
1
1
4
4
1
2
2
1
4
1
2
2
1
2
1
0
0
2
3
2
2
0
0
0
2
0
0
1
1
2
0
2
1
1
0
0
0
2
0
0
1
1
1
1
1
0
1
0
0
0
1
1
0
0
0
0
0
0
0
0
0
0
0
0
0
0
0
0
0
0
0
0
0
0
0
0
0
0
0
0
0
0
1
0
0
0
1
0
0
0
0
1
0
0
0
0
0
0
0
0
0
0
1
0
0
0
0
0
0
1
0
0
0
0
0
0
0
0
0
0
0
0
0
1
0
1
0
0
0
0
0
0
0
0
0
0
0
1
1
0
0
0
0
0
0
0
0
0
0
0
1
0
0
1
0
1
0
0
1
0
1
1
0
0
0
0
0
2
0
0
1
1
0
0
0
0
0
1
0
1
1
0
0
2
0
0
2
0
0
1
1
4
1
0
1
0
0
0
2
2
3
4
6
16
88
%
172,723
16,66
2,807
0,72
0,298
0,157
0,087
0,07
0,05
0,021
0,026
0,011
0,007
0,004
0,008
0,006
0,004
0,003
0,001
0,009
%
18,783
9,119
5,564
3,768
2,649
1,824
1,294
0,948
0,676
0,477
0,345
0,251
0,188
0,118
0,1
0,061
0,045
0,045
0,023
0,05
%
0
0
0,007
0,038
0,105
0,192
0,222
0,225
0,245
0,164
0,114
0,096
0,088
0,084
0,083
0,133
0,131
0,166
0,181
0,201
2,378
2,251
1,8
1,086
0,676
0,434
0,249
0,191
0,112
0,078
0,059
0,053
0,036
0,02
0,021
0,015
0,018
0,008
0,008
0,004
0,005
0,005
0,004
0,001
0,001
0,002
0,002
0,002
0
0,001
0
0
0,001
0
0
0,001
0
0,001
0,001
0
0
0
0
0
0
0
0,001
0
0
0
0
0
0
0
0
0
0
0
0
0
0
0
0
0
0
0
0
0
0
0
0
0
0
0
0
0
0
0
0
0
0
0
0
0
0
0
0
0
0
0
0
0
0
0
0
0
0
0
0
0
0
0
0
0
0
0
0
0
0
0
0
0
0
0
0
0
0
0
0
0
0
0
0
0
0
0
0
0
0
0
0
0
0
0
0
0
0
0
0
0
0
0
0
0
0
0
0
0
0
0
0
0
0
0
0
0
0
0
0
0
0
0
0
0
0
0
0
0
0
0
0
0
0
0
0
0
0
0
0
0
0
0
0
0
0
0
0
0
0
0
0
0
0
0
0
0
0
0
0
0
0
0
0
0
0
0
0
0
0
0
0
0
0
0
0
0
0
0
0
0
%
8,494
0,163
0,037
0,057
0,123
0,202
0,231
0,234
0,248
0,167
0,097
0,083
0,09
0,074
0,074
0,118
0,124
0,156
0,16
0,171
0,194
0,146
0,155
0,119
0,091
0,065
0,046
0,029
0,015
0,015
0,012
0,007
0,001
0,002
0
0
0
0
0
0
0
0
0
0
0
0
0
0
0
0
0
0
0
0
0
0
0
0
0
0
0
0
0
0
0
0
0
0
0
0
0
0
0
0
0
0
0
0
0
0
0
0
0
0
0
0
0
0
0
0
0
0
0
0
0
0
0
0
0
0
0
0
0
0
0
0
0
0
0
0
0
0
0
0
0
0
0
0
0
0
0
0
0
0
0
0
0
0
0
0
0
0
0
0
0
0
0
0
0
0
0
0
0
0
0
0
0
0
0
0
0
0
0
0
0
0
0
0
0
0
0
0
0
0
0
0
0
0
0
0
0
0
0
0
0
0
0
0
0
0
0
0
0
0
0
0
0
0
0
0
0
0
0
0
0
0
0
0
0
0
0
0
0
0
0
0
0
0
0
0
0
0
0
0
0
0
0
0
0
0
0
0
0
0
0
0
0
0
0
0
0
0
0
0
0
0
0
0
0
0
%
0
0
26
38,5625
33,46154
41,62319
44,29268
50,20202
49,08333
72,60526
89,42188
92,12727
163,4068
217,1833
250,7681
206,0238
234,4659
238,0935
209,8396
211,0177
192,8108
177,8878
191,8598
197,6
163,054
152,2414
165,7143
214,8148
172,9474
192,25
221
241,4444
132,75
106,5
0
310
0
160
0
0
0
0
0
0
19
89
0
30
0
762
%
0
61,1087
33,90476
37,76191
36,67046
37,98843
44,75581
48,78135
51,95588
91,56426
104,7742
107,5185
160,668
224,2381
271,7672
213,9892
235,2762
257,1469
215,8144
232,1756
196,0896
195,8567
220,8188
196,9817
169,9846
157,8889
181,6809
246,2143
175,4167
201,7727
243,5455
283
144
106,5
0
0
0
0
0
0
0
0
0
0
0
0
0
0
0
0
%
0
0
0
0
0
0
0
0
0,001
0,002
0,003
0,005
0,015
0,014
0,027
0,058
0,068
0,087
0,093
0,098
0,128
0,098
0,099
0,079
0,06
0,038
0,032
0,018
0,008
0,011
0,007
0,004
0,001
0,002
0
0
0
0
0
0
0
0
0
0
0
0
0
0
0
0
0
0
0
0
0
0
0
0
0
0
0
0
0
0
0
0
0
0
0
0
0
0
0
0
0
0
0
0
0
0
0
0
0
0
0
0
0
0
0
0
0
0
0
0
0
0
0
0
0
0
0
0
0
0
0
0
0
0
0
0
0
0
0
0
0
0
0
0
0
0
0
0
0
0
0
0
0
0
0
0
0
0
0
0
0
0
0
0
0
0
0
0
0
0
0
0
0
0
0
0
0
0
0
0
0
0
0
0
0
0
0
0
0
0
0
0
0
0
0
0
0
0
0
0
0
0
0
0
0
0
0
0
0
0
0
0
0
0
0
0
0
0
0
0
0
0
0
0
0
0
0
0
0
0
0
0
0
0
0
0
0
0
0
0
0
0
0
0
0
0
0
0
0
0
0
0
0
0
0
0
0
0
0
0
0
0
0
0
0
0
%
0
0
0
0
0
0
0
0
0,001
0,002
0,003
0,005
0,015
0,014
0,027
0,058
0,068
0,087
0,093
0,098
0,128
0,098
0,099
0,079
0,06
0,038
0,032
0,018
0,008
0,011
0,007
0,004
0,001
0,002
0
0
0
0
0
0
0
0
0
0
0
0
0
0
0
0
0
0
0
0
0
0
0
0
0
0
0
0
0
0
0
0
0
0
0
0
0
0
0
0
0
0
0
0
0
0
0
0
0
0
0
0
0
0
0
0
0
0
0
0
0
0
0
0
0
0
0
0
0
0
0
0
0
0
0
0
0
0
0
0
0
0
0
0
0
0
0
0
0
0
0
0
0
0
0
0
0
0
0
0
0
0
0
0
0
0
0
0
0
0
0
0
0
0
0
0
0
0
0
0
0
0
0
0
0
0
0
0
0
0
0
0
0
0
0
0
0
0
0
0
0
0
0
0
0
0
0
0
0
0
0
0
0
0
0
0
0
0
0
0
0
0
0
0
0
0
0
0
0
0
0
0
0
0
0
0
0
0
0
0
0
0
0
0
0
0
0
0
0
0
0
0
0
0
0
0
0
0
0
0
0
0
0
0
0
0
%
0
0
0,003
0,022
0,065
0,117
0,134
0,111
0,132
0,077
0,033
0,035
0,019
0,015
0,005
0,016
0,015
0,018
0,022
0,031
0,05
0,017
0,015
0,015
0,007
0,009
0,002
0,005
0,002
0,004
0,002
0
0,001
0
0
0
0
0
0
0
0
0
0
0
0
0
0
0
0
0,001
0
0
0
0
0
0
0
0
0
0
0
0
0
0
0
0
0
0
0
0
0
0
0
0
0
0
0
0
0
0
0
0
0
0
0
0
0
0
0
0
0
0
0
0
0
0
0
0
0
0
0
0
0
0
0
0
0
0
0
0
0
0
0
0
0
0
0
0
0
0
0
0
0
0
0
0
0
0
0
0
0
0
0
0
0
0
0
0
0
0
0
0
0
0
0
0
0
0
0
0
0
0
0
0
0
0
0
0
0
0
0
0
0
0
0
0
0
0
0
0
0
0
0
0
0
0
0
0
0
0
0
0
0
0
0
0
0
0
0
0
0
0
0
0
0
0
0
0
0
0
0
0
0
0
0
0
0
0
0
0
0
0
0
0
0
0
0
0
0
0
0
0
0
0
0
0
0
0
0
0
0
0
0
0
0
0
0
0
0
0
