simulations:1000 population:240 rateOfInfect:0,5 rateOfRecovery:1 rateOfMoving:2,5 run:True standardDiviation:True cliquesAndMovement:True time:2018-07-05|15:07:04 kommentar:
0
153
83
106
107
89
70
61
28
30
38
20
19
14
12
12
7
10
1
8
7
3
4
3
2
4
4
1
0
1
3
2
3
0
2
4
2
2
0
1
2
0
2
1
2
2
0
1
1
1
3
1
2
1
1
0
0
1
1
1
0
0
1
0
0
0
0
0
0
0
0
1
0
1
0
0
0
1
0
1
0
0
0
1
0
0
1
0
0
0
2
0
0
0
1
0
0
0
1
0
0
0
0
1
0
0
0
1
0
0
0
0
0
0
0
0
0
0
0
0
0
0
0
0
0
0
0
0
0
0
0
0
0
0
0
0
0
0
0
0
0
0
1
1
0
0
0
0
0
0
0
0
0
0
0
0
0
0
0
0
0
0
1
0
0
0
1
0
0
0
0
0
0
0
0
0
0
0
0
0
0
0
0
0
0
0
1
0
0
0
0
0
1
0
0
0
0
0
0
0
1
0
0
0
0
1
0
0
0
0
0
0
0
0
0
0
0
0
0
0
0
0
0
0
0
0
0
0
0
0
0
0
0
1
1
3
2
3
8
13
9
%
196,594
18,978
3,343
0,971
0,401
0,201
0,131
0,065
0,039
0,033
0,021
0,012
0,011
0,006
0,012
0,007
0,003
0
0,007
0,045
%
8,27
3,045
1,822
1,208
0,944
0,765
0,568
0,476
0,394
0,32
0,267
0,193
0,158
0,131
0,114
0,09
0,07
0,063
0,04
0,182
%
0
0,012
0,087
0,19
0,274
0,247
0,198
0,171
0,1
0,086
0,062
0,061
0,05
0,043
0,045
0,044
0,061
0,061
0,08
0,084
2,415
2,516
1,938
1,237
0,689
0,392
0,241
0,157
0,103
0,073
0,043
0,036
0,029
0,026
0,032
0,018
0,014
0,015
0,011
0,008
0,009
0,004
0,001
0,006
0,003
0,007
0
0
0,002
0,004
0
0,005
0,003
0,001
0,001
0
0
0,001
0
0
0,001
0
0
0,001
0
0
0
0
0
0,001
0
0,001
0
0
0
0
0
0
0
0
0
0
0
0
0
0
0
0
0
0
0
0
0
0
0
0
0
0
0
0
0
0
0
0
0
0
0
0
0
0
0
0
0
0
0
0
0
0
0
0
0
0
0
0
0
0
0
0
0
0
0
0
0
0
0
0
0
0
0
0
0
0
0
0
0
0
0
0
0
0
0
0
0
0
0
0
0
0
0
0
0
0
0
0
0
0
0
0
0
0
0
0
0
0
0
0
0
0
0
0
0
0
0
0
0
0
0
0
0
0
0
0
0
0
0
0
0
0
0
0
0
0
0
0
0
0
0
0
0
0
0
0
0
0
0
0
0
0
0
0
0
0
0
0
0
0
0
0
0
0
0
0
0
0
0
0
0
0
0
0
0
%
9,645
0,263
0,16
0,228
0,287
0,248
0,192
0,166
0,09
0,071
0,045
0,039
0,027
0,02
0,026
0,032
0,045
0,051
0,044
0,058
0,061
0,038
0,039
0,037
0,021
0,024
0,021
0,008
0,004
0,007
0,001
0
0,001
0
0,001
0
0
0
0
0
0
0
0
0
0
0
0
0
0
0
0
0
0
0
0
0
0
0
0
0
0
0
0
0
0
0
0
0
0
0
0
0
0
0
0
0
0
0
0
0
0
0
0
0
0
0
0
0
0
0
0
0
0
0
0
0
0
0
0
0
0
0
0
0
0
0
0
0
0
0
0
0
0
0
0
0
0
0
0
0
0
0
0
0
0
0
0
0
0
0
0
0
0
0
0
0
0
0
0
0
0
0
0
0
0
0
0
0
0
0
0
0
0
0
0
0
0
0
0
0
0
0
0
0
0
0
0
0
0
0
0
0
0
0
0
0
0
0
0
0
0
0
0
0
0
0
0
0
0
0
0
0
0
0
0
0
0
0
0
0
0
0
0
0
0
0
0
0
0
0
0
0
0
0
0
0
0
0
0
0
0
0
0
0
0
0
0
0
0
0
0
0
0
0
0
0
0
0
0
0
0
%
0
25
28,73077
41
42,46511
47,37363
71,08334
92,60256
88,71154
116,0222
148,9394
203,7353
257,8333
351,1364
450,5172
326,8
443,2286
407,725
306,5854
354,0244
300,3542
333,1316
333,1176
424,2857
287
325,0454
278,9412
279,5
343
220,7143
120,8
513
262,6667
89
284,6667
216
0
0
0
0
20
357
0
145
315
455
0
0
0
297,8
