simulations:10000 population:100 rateOfInfect:4 rateOfRecovery:2 rateOfMoving:4 run:True standardDiviation:True cliquesAndMovement:True time:2018-07-05|14:40:33 kommentar:
0
2593
1743
1727
1286
629
406
331
282
177
144
126
93
84
56
59
41
33
26
24
20
15
11
10
12
10
6
8
5
6
1
1
3
3
4
3
5
3
0
3
0
3
2
2
1
1
0
0
1
0
0
0
0
0
0
0
0
0
1
0
0
0
0
0
0
0
0
0
0
0
0
0
0
0
0
0
0
0
0
0
0
0
0
0
0
0
0
0
0
0
0
0
0
0
0
0
0
0
0
0
0
%
93,0421
2,7314
0,1341
0,0106
0,0015
0,0003
0
0,0001
0
0
0
0
0
0
0
0
0
0
0
0
%
3,5769
0,4551
0,0421
0,0049
0,0008
0
0,0001
0
0
0
0
0
0
0
0
0
0
0
0
0
%
0
0,1194
0,3464
0,4851
0,3755
16,0876
2,339
0,2205
0,0239
0,0022
0,0004
0
0
0
0
0
0
0
0
0
0
0
0
0
0
0
0
0
0
0
0
0
0
0
0
0
0
0
0
0
0
0
0
0
0
0
0
0
0
0
0
0
0
0
0
0
0
0
0
0
0
0
0
0
0
0
0
0
0
0
0
0
0
0
0
0
0
0
0
0
0
0
0
0
0
0
0
0
0
0
0
0
0
0
0
0
0
0
0
0
0
%
18,4242
0,4177
0,3566
0,3975
0,2846
0,1011
0,0159
0,002
0,0004
0
0
0
0
0
0
0
0
0
0
0
0
0
0
0
0
0
0
0
0
0
0
0
0
0
0
0
0
0
0
0
0
0
0
0
0
0
0
0
0
0
0
0
0
0
0
0
0
0
0
0
0
0
0
0
0
0
0
0
0
0
0
0
0
0
0
0
0
0
0
0
0
0
0
0
0
0
0
0
0
0
0
0
0
0
0
0
0
0
0
0
0
%
0
9,905738
9,37896
8,207488
9,104721
11,67692
14,49844
26,45283
26,55556
0
0
0
0
0
0
0
0
0
0
0
0
0
0
0
0
0
0
0
0
0
0
0
0
0
0
0
0
0
0
0
0
0
0
0
0
0
0
0
0
0
