simulations:1000 population:100 rateOfInfect:4 rateOfRecovery:2 rateOfMoving:4 run:True standardDiviation:True cliquesAndMovement:True time:2018-07-05|14:40:26 kommentar:
0
259
181
180
135
68
29
40
23
14
13
9
13
5
3
4
4
2
3
1
0
2
0
2
1
2
1
0
0
0
1
0
1
0
0
0
1
0
0
0
0
0
0
0
0
1
0
0
0
0
0
0
0
0
0
0
0
1
0
0
0
0
0
0
0
0
0
1
0
0
0
0
0
0
0
0
0
0
0
0
0
0
0
0
0
0
0
0
0
0
0
0
0
0
0
0
0
0
0
0
0
%
93,292
2,576
0,14
0,007
0,001
0,001
0
0
0
0
0
0
0
0
0
0
0
0
0
0
%
3,479
0,449
0,047
0,005
0,003
0
0
0
0
0
0
0
0
0
0
0
0
0
0
0
%
0
0,108
0,326
0,492
0,339
16,257
2,253
0,203
0,017
0,003
0,001
0,001
0
0
0
0
0
0
0
0
0
0
0
0
0
0
0
0
0
0
0
0
0
0
0
0
0
0
0
0
0
0
0
0
0
0
0
0
0
0
0
0
0
0
0
0
0
0
0
0
0
0
0
0
0
0
0
0
0
0
0
0
0
0
0
0
0
0
0
0
0
0
0
0
0
0
0
0
0
0
0
0
0
0
0
0
0
0
0
0
0
%
18,478
0,392
0,35
0,385
0,273
0,095
0,021
0,005
0,001
0
0
0
0
0
0
0
0
0
0
0
0
0
0
0
0
0
0
0
0
0
0
0
0
0
0
0
0
0
0
0
0
0
0
0
0
0
0
0
0
0
0
0
0
0
0
0
0
0
0
0
0
0
0
0
0
0
0
0
0
0
0
0
0
0
0
0
0
0
0
0
0
0
0
0
0
0
0
0
0
0
0
0
0
0
0
0
0
0
0
0
0
%
0
18,92857
8,319445
9,076923
10,6
9,666667
17,875
28,71428
33
0
0
0
0
0
0
0
0
0
0
0
0
0
0
0
0
0
0
0
0
0
0
0
0
0
0
0
0
0
0
0
0
0
0
0
0
0
0
0
0
0
