simulations:5000 population:240 rateOfInfect:2 rateOfRecovery:1 rateOfMoving:3 run:False standardDiviation:True cliquesAndMovement:True time:2018-07-09|19:18:06 kommentar:
20,3076 17,50092 0,08943215 0
17,4048 15,48021 0,08265731 1,5884
15,499 13,56924 0,07844076 2,7146
13,98 12,49547 0,07548239 3,6736
12,7572 10,91401 0,07329939 4,3712
11,2924 9,373373 0,06882457 4,8618
10,702 8,79898 0,06799956 5,3728
9,8524 7,965046 0,06622455 5,7888
9,095 7,423356 0,06409138 6,05
8,5398 6,924211 0,06297486 6,3348
8,2542 6,707024 0,06289977 6,649
7,5922 5,800222 0,06044179 6,7078
7,1872 5,634258 0,05967515 6,9936
7,0072 5,464799 0,05985833 7,259
6,477 4,732642 0,05778364 7,2378
6,2638 4,655602 0,05759202 7,3776
