simulations:1000 population:240 rateOfInfect:0,5 rateOfRecovery:1 rateOfMoving:2 run:True standardDiviation:True cliquesAndMovement:True time:2018-07-07|09:39:19 kommentar:
0
105
51
75
106
106
99
50
53
27
33
22
23
21
13
12
20
14
13
4
8
4
9
7
8
2
4
3
2
2
3
1
3
1
2
3
2
2
4
2
1
1
1
0
3
0
1
2
0
0
1
2
1
0
0
0
0
2
0
0
0
1
0
1
1
2
0
0
0
0
0
0
0
0
0
0
0
1
0
0
0
0
0
0
2
0
1
0
0
0
0
1
2
0
1
0
0
0
0
0
0
1
0
0
1
0
0
0
0
0
0
0
0
0
0
0
1
0
0
0
0
0
0
0
1
0
1
0
2
0
0
0
1
0
0
0
0
1
0
1
0
0
0
0
0
0
0
0
0
0
0
0
0
0
0
1
0
0
0
0
0
0
0
0
0
0
0
0
0
0
0
0
0
0
0
0
0
0
0
0
0
0
0
0
0
0
1
0
1
0
0
0
0
0
0
0
0
2
0
0
0
2
1
0
0
0
0
0
1
0
0
0
0
0
0
0
0
0
0
0
0
1
2
0
0
0
0
1
1
0
0
1
0
2
0
0
0
3
3
6
14
%
196,567
18,546
3,076
0,858
0,383
0,195
0,116
0,069
0,042
0,03
0,021
0,017
0,014
0,009
0,004
0,006
0,003
0,002
0,003
0,011
%
10,045
3,371
1,866
1,269
0,817
0,649
0,477
0,381
0,263
0,203
0,164
0,125
0,096
0,082
0,055
0,037
0,031
0,025
0,019
0,053
%
0
0,006
0,028
0,115
0,206
0,273
0,251
0,202
0,136
0,095
0,081
0,062
0,047
0,049
0,053
0,054
0,072
0,069
0,086
0,084
2,478
2,612
1,928
1,131
0,662
0,39
0,247
0,15
0,108
0,069
0,048
0,039
0,041
0,029
0,02
0,013
0,01
0,009
0,01
0,003
0,003
0,002
0,007
0,001
0,002
0,003
0,003
0,001
0,001
0,001
0,003
0,002
0
0,001
0
0
0
0
0
0,001
0
0
0
0,001
0
0
0
0
0,001
0,001
0
0
0
0
0
0
0
0
0
0
0
0
0
0
0
0
0
0
0
0
0
0
0
0
0
0
0
0
0
0
0
0
0
0
0
0
0
0
0
0
0
0
0
0
0
0
0
0
0
0
0
0
0
0
0
0
0
0
0
0
0
0
0
0
0
0
0
0
0
0
0
0
0
0
0
0
0
0
0
0
0
0
0
0
0
0
0
0
0
0
0
0
0
0
0
0
0
0
0
0
0
0
0
0
0
0
0
0
0
0
0
0
0
0
0
0
0
0
0
0
0
0
0
0
0
0
0
0
0
0
0
0
0
0
0
0
0
0
0
0
0
0
0
0
0
0
0
0
0
0
0
0
0
0
0
0
0
0
0
0
0
0
0
0
0
0
0
0
0
0
%
9,663
0,198
0,083
0,154
0,222
0,283
0,262
0,206
0,152
0,084
0,064
0,051
0,033
0,031
0,043
0,044
0,048
0,045
0,052
0,046
0,054
0,054
0,039
0,024
0,021
0,013
0,012
0,005
0,007
0,002
0,002
0,002
0,001
0
0
0
0
0
0
0
0
0
0
0
0
0
0
0
0
0
0
0
0
0
0
0
0
0
0
0
0
0
0
0
0
0
0
0
0
0
0
0
0
0
0
0
0
0
0
0
0
0
0
0
0
0
0
0
0
0
0
0
0
0
0
0
0
0
0
0
0
0
0
0
0
0
0
0
0
0
0
0
0
0
0
0
0
0
0
0
0
0
0
0
0
0
0
0
0
0
0
0
0
0
0
0
0
0
0
0
0
0
0
0
0
0
0
0
0
0
0
0
0
0
0
0
0
0
0
0
0
0
0
0
0
0
0
0
0
0
0
0
0
0
0
0
0
0
0
0
0
0
0
0
0
0
0
0
0
0
0
0
0
0
0
0
0
0
0
0
0
0
0
0
0
0
0
0
0
0
0
0
0
0
0
0
0
0
0
0
0
0
0
0
0
0
0
0
0
0
0
0
0
0
0
0
0
0
0
0
%
0
21,66667
28,4
40,1
49,34375
40,98969
46,72727
53,68354
65,24194
112,6042
102,5429
101,8788
131,4231
146,2188
165,2895
228,9444
216,6429
223,9211
167,7872
161,0444
187,3056
153,3902
201,2188
181,2143
217,1905
206,4118
201,75
150,0909
176,2
184
144,8
56,25
81,33334
36
0
50,5
115
165,5
0
91,5
0
0
0
0
0
0
0
0
0
166,6667
%
0
48,09036
35,27083
48,21429
47,58
39,78505
50,30526
59,25957
74,43382
103,9242
129,8594
102,875
135,4928
262,2803
218,9889
240,1354
269,2604
312,15
231,2527
208,875
194,8333
202,2385
226,74
195,1771
282,6471
234
296,5
217
217,1667
363
146
40
199
0
0
0
0
0
0
0
0
0
0
0
0
0
0
0
0
0
%
0
0
0
0
0
0
0
0
0
0
0
0,001
0
0,003
0,005
0,009
0,011
0,011
0,017
0,017
0,028
0,018
0,014
0,01
0,004
0,003
0,007
0,004
0,003
0
0,001
0,002
0
0
0
0
0
0
0
0
0
0
0
0
0
0
0
0
0
0
0
0
0
0
0
0
0
0
0
0
0
0
0
0
0
0
0
0
0
0
0
0
0
0
0
0
0
0
0
0
0
0
0
0
0
0
0
0
0
0
0
0
0
0
0
0
0
0
0
0
0
0
0
0
0
0
0
0
0
0
0
0
0
0
0
0
0
0
0
0
0
0
0
0
0
0
0
0
0
0
0
0
0
0
0
0
0
0
0
0
0
0
0
0
0
0
0
0
0
0
0
0
0
0
0
0
0
0
0
0
0
0
0
0
0
0
0
0
0
0
0
0
0
0
0
0
0
0
0
0
0
0
0
0
0
0
0
0
0
0
0
0
0
0
0
0
0
0
0
0
0
0
0
0
0
0
0
0
0
0
0
0
0
0
0
0
0
0
0
0
0
0
0
0
0
0
0
0
0
0
0
0
0
0
0
0
0
0
0
0
%
0
0
0
0
0
0
0
0
0
0
0
0,001
0
0,003
0,005
0,009
0,011
0,011
0,017
0,017
0,028
0,018
0,014
0,01
0,004
0,003
0,007
0,004
0,003
0
0,001
0,002
0
0
0
0
0
0
0
0
0
0
0
0
0
0
0
0
0
0
0
0
0
0
0
0
0
0
0
0
0
0
0
0
0
0
0
0
0
0
0
0
0
0
0
0
0
0
0
0
0
0
0
0
0
0
0
0
0
0
0
0
0
0
0
0
0
0
0
0
0
0
0
0
0
0
0
0
0
0
0
0
0
0
0
0
0
0
0
0
0
0
0
0
0
0
0
0
0
0
0
0
0
0
0
0
0
0
0
0
0
0
0
0
0
0
0
0
0
0
0
0
0
0
0
0
0
0
0
0
0
0
0
0
0
0
0
0
0
0
0
0
0
0
0
0
0
0
0
0
0
0
0
0
0
0
0
0
0
0
0
0
0
0
0
0
0
0
0
0
0
0
0
0
0
0
0
0
0
0
0
0
0
0
0
0
0
0
0
0
0
0
0
0
0
0
0
0
0
0
0
0
0
0
0
0
0
0
0
0
%
0
0,003
0,023
0,075
0,139
0,166
0,154
0,106
0,065
0,036
0,036
0,025
0,01
0,011
0,008
0,009
0,019
0,018
0,025
0,016
0,027
0,009
0,002
0,006
0,001
0,001
0,003
0,001
0,001
0
0
0,001
0
0
0,003
0
0
0,001
0
0
0
0
0
0
0
0
0
0
0
0
0
0
0
0
0
0
0
0
0
0
0
0
0
0
0
0
0
0
0
0
0
0
0
0
0
0
0
0
0
0
0
0
0
0
0
0
0
0
0
0
0
0
0
0
0
0
0
0
0
0
0
0
0
0
0
0
0
0
0
0
0
0
0
0
0
0
0
0
0
0
0
0
0
0
0
0
0
0
0
0
0
0
0
0
0
0
0
0
0
0
0
0
0
0
0
0
0
0
0
0
0
0
0
0
0
0
0
0
0
0
0
0
0
0
0
0
0
0
0
0
0
0
0
0
0
0
0
0
0
0
0
0
0
0
0
0
0
0
0
0
0
0
0
0
0
0
0
0
0
0
0
0
0
0
0
0
0
0
0
0
0
0
0
0
0
0
0
0
0
0
0
0
0
0
0
0
0
0
0
0
0
0
0
0
0
0
0
0
0
0
