simulations:1000 population:5 rateOfInfect:4 rateOfRecovery:2 rateOfMoving:4 run:True standardDiviation:True cliquesAndMovement:True time:2018-07-05|20:13:05 kommentar:
0
158
25
21
113
683
%
0,572
0,135
0,049
0,026
0,017
0,018
0,011
0,008
0,01
0,003
0,005
0,003
0
0,002
0
0
0,002
0
0,001
0
%
2,467
0,778
0,41
0,243
0,118
0,054
0,026
0,02
0,01
0,006
0,003
0,002
0,001
0
0
0
0
0
0
0
%
0
0
0
0
0
1
%
0
0,158
0,025
0,021
0,113
0,683
%
0
0
0
0
0
0
0
0
0
0
0
0
0
0
0
0
0
0
0
0
0
0
0
0
0
0
0
0
0
0
0
0
0
0
0
0
0
0
0
0
0
0
0
0
0
0
0
0
0
0
