simulations:1000 population:240 rateOfInfect:2 rateOfRecovery:1 rateOfMoving:1,5 run:True standardDiviation:True cliquesAndMovement:True time:2018-07-05|10:28:00 kommentar:
0
22
0
0
0
0
2
8
5
17
14
31
53
31
25
18
5
3
0
0
1
3
1
3
4
4
12
7
6
2
3
1
0
2
1
0
0
0
2
2
2
2
3
1
3
2
1
2
0
0
0
0
0
1
4
1
2
0
0
1
1
1
0
0
1
0
0
0
0
0
0
0
0
0
1
1
2
1
1
0
0
1
0
1
0
0
1
1
0
0
1
0
3
1
1
1
1
0
0
1
0
0
0
1
0
0
0
0
1
0
1
0
1
0
1
1
0
0
0
1
0
0
1
1
1
0
0
0
0
0
1
0
1
0
2
3
1
1
0
0
0
2
0
0
0
0
0
0
0
0
0
1
0
0
0
2
0
2
1
1
1
0
1
1
1
0
1
0
0
0
0
0
2
0
0
0
1
1
1
1
1
4
2
2
4
2
1
0
1
1
0
1
0
0
0
0
0
0
0
0
1
0
1
0
2
5
4
4
11
7
10
13
9
12
6
4
1
1
0
0
0
0
0
0
0
0
0
0
0
0
1
0
0
0
0
1
2
3
5
7
497
75
4
0
0
0
0
0
0
0
0
0
0
0
0
0
0
0
0
0
0
95
38
14
6
2
0
0
0
0
0
0
0
0
0
0
0
0
0
0
0
0
0
0
0
0
0
0
0
0
0
0
0
0
0
0
0
0
0
0
0
2
1
1
0
0
0
0
0
0
0
0
0
0
0
0
0
0
0
0
0
0
0
0
0
0
0
0
0
0
0
0
0
0
0
0
0
0
0
0
0
0
0
0
0
0
0
0
0
0
0
0
0
0
0
0
0
0
0
0
0
0
0
0
0
0
0
0
0
0
0
0
0
0
0
0
0
0
0
0
0
0
0
0
0
0
0
0
0
0
0
0
0
0
0
0
0
0
0
0
0
0
0
0
0
0
0
0
0
0
0
0
0
0
0
0
0
0
0
0
0
0
0
0
0
0
0
0
0
0
0
0
0
0
0
0
0
0
0
0
0
0
0
0
0
0
0
0
0
0
0
0
0
0
0
0
0
0
0
0
0
0
0
0
0
0
0
0
0
0
0
0
0
0
0
0
0
0
0
0
0
0
0
0
0
0
0
0
0
0
0
0
0
0
0
0
0
0
0
0
0
0
0
0
0
0
0
0
0
0
0
0
0
0
0
0
0
0
0
0
0
3
0
0
0
0
0
0
0
0
0
0
0
0
0
0
0
0
0
0
0
0
0
0
0
0
0
0
0
0
0
0
0
0
0
0
0
0
0
0
0
0
0
0
0
0
0
0
0
0
0
0
0
0
0
0
0
0
0
0
0
0
0
0
0
0
0
0
0
0
0
0
0
0
0
0
0
0
0
0
0
0
0
0
0
0
0
0
0
0
0
0
0
0
0
0
0
0
0
0
0
0
0
0
0
0
0
0
0
0
0
0
0
0
0
0
0
0
0
0
0
0
0
0
0
0
0
0
0
0
0
0
0
0
0
0
0
0
0
0
0
0
0
0
0
0
0
0
0
0
0
0
0
0
0
0
0
0
0
0
0
0
0
0
0
0
0
0
0
0
0
0
0
0
0
0
0
0
0
0
0
0
0
0
0
0
0
0
0
0
0
0
0
0
0
0
0
0
0
0
0
0
0
0
0
0
0
0
0
0
0
0
0
0
0
0
0
0
0
0
0
0
0
0
0
0
0
0
0
0
0
0
0
0
0
0
0
0
0
0
0
0
0
0
0
0
0
0
19
26
87
143
111
134
136
165
182
169
168
166
165
152
162
161
158
151
145
163
150
156
169
123
119
170
385
0
0
0
0
0
0
0
0
0
0
0
0
0
0
0
0
