simulations:100 population:240 rateOfInfect:1 rateOfRecovery:1 rateOfMoving:7,8 run:False standardDiviation:True cliquesAndMovement:True time:2018-07-11|10:30:10 kommentar:
62,39 52,44831 0,2733333 0
67,29 64,95721 0,3166668 12,88
84,39 73,67604 0,4083334 31,25
88,33 89,05418 0,4366666 51,05
97,07 93,23948 0,4675 72,59
99,02 100,4033 0,4708331 93,59
87,29 100,7188 0,4266666 97,81
104,98 105,8405 0,5033334 134,88
110,05 106,4055 0,5283333 160,62
124,03 111,8884 0,5649999 200,71
111,09 113,6821 0,5116665 200,35
102,06 113,1081 0,4749999 205,91
98,98 111,3653 0,4683334 213,14
118,69 114,9926 0,5441665 281,96
96,21 111,2199 0,4641666 239,12
95,11 112,2205 0,4516667 258,39
115,88 115,312 0,5383332 329,1
89,48 111,2774 0,4366666 281,51
103,32 114,6587 0,4908332 333
95,89 113,559 0,4599998 326,25
83,43 108,3266 0,4225 292,87
87,04 110,5235 0,4299999 324,69
81,58 109,3439 0,4025 313,67
100,46 114,6523 0,48 409,79
88,33 111,9451 0,435 372,34
92,93 113,4087 0,45 411,69
86,59 110,841 0,4333333 394,83
81,66 109,2969 0,4175 381,74
75,97 107,9768 0,3925 375,98
79,96 108,1112 0,4225 402,55
87,19 112,7689 0,4266666 452,86
68,63 104,818 0,3575 371,54
61,07 101,1308 0,3258335 337,49
96,23 115,5843 0,4574998 553,69
73,61 106,968 0,3825001 427,36
80,74 109,888 0,4099999 483,12
73,18 107,2128 0,3833333 449,32
75,79 108,229 0,3958334 482,62
66,14 103,6345 0,3533333 426,68
63,35 102,5456 0,3383335 418,22
