simulations:10000 population:4 rateOfInfect:4 rateOfRecovery:2 rateOfMoving:4 run:True standardDiviation:True cliquesAndMovement:True time:2018-07-05|21:30:23 kommentar:
0
1410
294
398
7898
%
0,3555
0,1042
0,0336
0,0139
0,0062
0,004
0,0023
0,0007
0,0004
0,0006
0,0001
0
0,0001
0
0
0
0
0
0
0
%
2,304
0,6294
0,287
0,1347
0,0655
0,0324
0,0126
0,0067
0,0033
0,0016
0,0011
0,0001
0
0
0
0
0
0
0
0
%
0
0
0
0
1
%
0
0,141
0,0294
0,0398
0,7898
%
0
0
0
0
0
0
0
0
0
0
0
0
0
0
0
0
0
0
0
0
0
0
0
0
0
0
0
0
0
0
0
0
0
0
0
0
0
0
0
0
0
0
0
0
0
0
0
0
0
0
