simulations:100 population:100 rateOfInfect:4 rateOfRecovery:2 rateOfMoving:4 run:True standardDiviation:True cliquesAndMovement:True time:2018-07-06|09:23:45 kommentar:
0
5
0
0
0
0
0
0
2
6
6
8
4
3
2
2
0
0
0
0
0
0
0
0
0
1
0
2
2
0
0
0
1
0
0
0
0
0
0
0
0
1
1
0
3
2
0
0
1
1
0
1
0
0
0
0
0
0
0
0
0
0
0
0
0
1
0
0
1
0
1
4
1
1
0
0
0
0
0
0
0
0
0
0
0
0
0
0
0
0
0
0
0
0
0
1
0
0
0
0
36
%
40,72
4,91
0,95
0,19
0,06
0,01
0,01
0
0
0
0
0
0
0
0
0
0
0
0
0
%
30,54
12,21
5,51
2,63
1,15
0,66
0,18
0,15
0,07
0,04
0,01
0
0
0
0
0
0
0
0
0
%
0
0
0
0
0
0
0
0
0,02
0,06
0,06
0,12
0,09
0,17
0,22
0,16
0,2
0,19
0,23
0,33
0,58
0,46
0,67
0,53
0,37
0,16
0,08
0,07
0,08
0,09
0,03
0,01
0,01
0
0
0,01
0
0
0
0
0
0
0
0
0
0
0
0
0
0
0
0
0
0
0
0
0
0
0
0
0
0
0
0
0
0
0
0
0
0
0
0
0
0
0
0
0
0
0
0
0
0
0
0
0
0
0
0
0
0
0
0
0
0
0
0
0
0
0
0
%
1,98
0,06
0
0
0
0
0
0
0,02
0,06
0,06
0,12
0,09
0,17
0,22
0,16
0,2
0,19
0,23
0,31
0,29
0,17
0,18
0,2
0,13
0,05
0,06
0,03
0,01
0,01
0
0
0
0
0
0
0
0
0
0
0
0
0
0
0
0
0
0
0
0
0
0
0
0
0
0
0
0
0
0
0
0
0
0
0
0
0
0
0
0
0
0
0
0
0
0
0
0
0
0
0
0
0
0
0
0
0
0
0
0
0
0
0
0
0
0
0
0
0
0
%
0
0
0
0
0
0
0
0
0
0
0
110,5
25,66667
33,33333
57,375
61,08333
51,14286
46,21429
65,64286
73,21053
60,47059
47
74,91666
80,14286
86,3
64,75
47,6
122,6667
63,5
30
0
0
0
0
0
0
0
0
0
0
0
0
0
0
0
0
0
0
0
0
%
0
86
0
0
0
0
0
0
0
0
0
110,5
25,66667
33,41667
57,4375
61,125
51,17857
46,29762
65,76191
73,31579
60,54902
47,03846
74,95834
80,21429
86,3
64,75
47,6
122,6667
41
30
0
0
0
0
0
0
0
0
0
0
0
0
0
0
0
0
0
0
0
0
%
0
0
0
0
0
0
0
0
0
0
0
0
0
0,04
0,07
0,06
0,08
0,12
0,19
0,26
0,25
0,14
0,16
0,18
0,11
0,04
0,05
0,03
0,01
0,01
0
0
0
0
0
0
0
0
0
0
0
0
0
0
0
0
0
0
0
0
0
0
0
0
0
0
0
0
0
0
0
0
0
0
0
0
0
0
0
0
0
0
0
0
0
0
0
0
0
0
0
0
0
0
0
0
0
0
0
0
0
0
0
0
0
0
0
0
0
0
%
0
0
0
0
0
0
0
0
0
0
0
0
0
0,04
0,07
0,06
0,08
0,12
0,19
0,26
0,25
0,14
0,16
0,18
0,11
0,04
0,05
0,03
0,01
0,01
0
0
0
0
0
0
0
0
0
0
0
0
0
0
0
0
0
0
0
0
0
0
0
0
0
0
0
0
0
0
0
0
0
0
0
0
0
0
0
0
0
0
0
0
0
0
0
0
0
0
0
0
0
0
0
0
0
0
0
0
0
0
0
0
0
0
0
0
0
0
%
0
0
0
0
0
0
0
0
0,02
0,06
0,06
0,1
0,06
0,11
0,04
0,03
0,05
0,04
0,04
0,11
0,1
0,04
0,06
0,04
0,01
0,01
0,01
0
0
0,01
0
0
0
0
0
0
0
0
0
0
0
0
0
0
0
0
0
0
0
0
0
0
0
0
0
0
0
0
0
0
0
0
0
0
0
0
0
0
0
0
0
0
0
0
0
0
0
0
0
0
0
0
0
0
0
0
0
0
0
0
0
0
0
0
0
0
0
0
0
0
