simulations:5000 population:240 rateOfInfect:1 rateOfRecovery:1 rateOfMoving:0,38 standardDiviation:True cliquesAndMovement:True time:2018-07-04|21:11:43 kommentar:
55,0368 47,01385 0,2411669 0
55,7422 47,87062 0,2460164 1,0432
55,0122 47,59161 0,2452999 2,0794
56,078 48,99889 0,2525844 3,1832
55,1198 49,53257 0,2510668 4,2402
56,1804 50,78534 0,2575843 5,3308
54,6222 49,83487 0,2521335 6,1352
55,143 51,01716 0,2575513 7,2782
54,5318 50,55147 0,2572502 8,28
53,7258 50,67626 0,2561338 9,1336
54,6856 50,98457 0,2619838 10,3248
53,947 52,13354 0,2613503 11,2452
54,12 52,36021 0,2629175 12,315
56,1872 54,27218 0,2745343 13,76
52,4314 51,26579 0,2605508 13,7646
53,939 53,06184 0,2684844 15,2084
53,4248 53,45908 0,2673008 15,9786
54,291 54,43093 0,2734683 17,2632
53,5346 54,30021 0,2716513 18,2104
53,5624 55,71602 0,2732674 19,1924
