simulations:2 population:240 rateOfInfect:1 rateOfRecovery:4 rateOfMoving:2 run:False standardDiviation:True cliquesAndMovement:True time:2018-07-07|16:38:41 kommentar:
135,5 147,7853 0,625 239,5
157 117,3797 0,7916667 288,5
124 164,0488 0,5416667 235,5
17 9,899495 0,1666667 27,5
240 0 1 470,5
143,5 136,4716 0,7083333 277
24 21,2132 0,2083333 38,5
7,5 0,7071068 0,08333334 13
50,5 55,86143 0,3333333 74
6,5 0,7071068 0,125 15,5
13 14,14214 0,125 20,5
4,5 4,949748 0,08333334 5,5
42,5 50,20458 0,375 80,5
3 2,828427 0,08333334 9,5
21 2,828427 0,25 48
3,5 3,535534 0,08333334 7
12 5,656854 0,1666667 22
8 0 0,125 15
7,5 0,7071068 0,08333334 13,5
13,5 7,778174 0,2083333 24
