simulations:1000 population:240 rateOfInfect:1 rateOfRecovery:1 rateOfMoving:9,5 standardDiviation:True cliquesAndMovement:True time:2018-07-04|20:42:00 kommentar:
58,436 49,56918 0,2548328 0
53,289 58,39244 0,279333 24,8
49,59 65,3027 0,2861666 45,93
53,304 76,8674 0,3080837 73,876
48,871 76,89178 0,2957499 89,567
44,715 77,72894 0,2760828 101,7
44,066 80,26105 0,2723329 120,427
36,891 72,76656 0,2516659 115,044
37,474 74,38046 0,2579993 134,472
32,957 71,29179 0,2356659 132,462
30,192 68,62475 0,2263327 133,444
29,2 68,15476 0,2221662 140,888
30,934 71,41785 0,2258327 161,686
26,974 65,84659 0,218166 151,48
25,069 64,57926 0,2053326 150,56
19,572 55,1495 0,1889161 124,862
19,509 55,59552 0,1859164 131,823
19,705 56,90368 0,1826662 140,291
24,436 64,35007 0,2084992 185,332
20,189 58,23372 0,1875828 161,277
