simulations:1000 population:100 rateOfInfect:4 rateOfRecovery:2 rateOfMoving:4 run:True standardDiviation:True cliquesAndMovement:True time:2018-07-05|21:43:39 kommentar:
0
28
3
0
0
0
0
0
0
0
0
0
0
0
0
0
0
0
0
0
0
0
0
0
0
0
0
0
0
0
0
0
0
0
0
0
0
0
0
0
0
0
0
0
0
0
0
0
0
0
0
0
0
0
0
0
0
0
0
0
0
0
0
0
0
0
0
0
0
0
0
0
0
0
0
0
0
0
0
0
0
0
0
0
0
0
0
0
0
0
0
0
0
0
0
0
0
0
0
0
969
%
3,022
0,041
0,003
0
0
0
0
0
0
0
0
0
0
0
0
0
0
0
0
0
%
51,739
23,552
11,208
5,505
2,525
1,238
0,623
0,299
0,121
0,058
0,036
0,015
0,008
0,005
0,002
0
0
0
0
0
%
0
0
0
0
0
0
0
0
0
0
0,003
0,01
0,04
0,053
0,085
0,184
0,302
0,4
0,52
0,601
0,701
0,591
0,442
0,379
0,257
0,177
0,136
0,055
0,032
0,02
0,006
0,004
0,002
0
0
0
0
0
0
0
0
0
0
0
0
0
0
0
0
0
0
0
0
0
0
0
0
0
0
0
0
0
0
0
0
0
0
0
0
0
0
0
0
0
0
0
0
0
0
0
0
0
0
0
0
0
0
0
0
0
0
0
0
0
0
0
0
0
0
0
0
%
0,124
0,028
0,003
0
0
0
0
0
0
0
0,003
0,01
0,04
0,053
0,084
0,183
0,301
0,398
0,515
0,597
0,586
0,571
0,438
0,378
0,256
0,177
0,136
0,055
0,032
0,02
0,006
0,004
0,002
0
0
0
0
0
0
0
0
0
0
0
0
0
0
0
0
0
0
0
0
0
0
0
0
0
0
0
0
0
0
0
0
0
0
0
0
0
0
0
0
0
0
0
0
0
0
0
0
0
0
0
0
0
0
0
0
0
0
0
0
0
0
0
0
0
0
0
0
%
0
0
0
0
0
0
0
0
0
0
56,33333
55,57143
50,35294
43,13889
39,64789
45,66667
48,78112
45,02448
45,62922
47,65327
46,97456
47,81217
48,39482
48,50168
50,30645
48,34615
50,10185
47,81818
47,13636
41,35714
60,33333
75
40,5
0
0
0
0
0
0
0
0
0
0
0
0
0
0
0
0
0
