simulations:1000 population:240 rateOfInfect:1 rateOfRecovery:8 rateOfMoving:1 run:False standardDiviation:True cliquesAndMovement:True time:2018-07-07|16:37:57 kommentar:
149,172 105,2978 0,654666 140,823
115,078 104,0686 0,5285842 108,238
84,584 92,79694 0,4167503 78,892
65,761 80,09681 0,3487502 60,912
50,47 65,32191 0,2895833 46,832
44,487 57,41716 0,2677496 40,833
31,831 42,04513 0,2100829 29,255
30,078 39,00787 0,2040827 27,445
22,867 28,67219 0,1684998 20,644
19,595 23,57956 0,1518334 18,11
20,291 25,45836 0,1533335 18,383
18,924 21,49322 0,1496666 17,32
17,503 19,27736 0,1406669 15,68
14,97 14,19706 0,1273339 13,487
15,277 15,87534 0,1303338 13,934
14,672 14,44325 0,1263338 13,117
13,393 12,64241 0,1190839 12,226
12,922 12,12703 0,1171672 11,738
12,566 10,84027 0,1159172 11,173
12,063 11,6995 0,1100838 10,919
11,13 9,66097 0,1088339 9,949
10,56 8,798406 0,1055004 9,451
11,094 9,456777 0,1091671 9,971
10,547 9,807948 0,1056672 9,269
10,382 9,473539 0,1040005 8,979
9,936 8,374008 0,1030005 8,652
10,072 8,8741 0,1045005 8,813
8,914 7,258062 0,09950033 7,851
8,799 7,821358 0,09983372 7,651
8,905 7,900652 0,09950043 7,746
8,33 7,511838 0,09625044 7,032
8,231 7,08802 0,09583377 7,014
8,34 7,971183 0,09700046 7,124
8,069 6,994524 0,0970004 7,046
7,334 6,444547 0,09400037 6,236
7,685 6,75332 0,0943338 6,53
7,603 6,763523 0,09366698 6,345
7,147 6,247745 0,0930837 6,174
7,214 6,638389 0,09550038 6,067
7,301 6,215234 0,09491712 6,178
