simulations:5000 population:240 rateOfInfect:2 rateOfRecovery:1 rateOfMoving:3 run:False standardDiviation:True cliquesAndMovement:True time:2018-07-09|19:34:21 kommentar:cliquestorlek_10_och_edgegrej_0.8
190,9832 71,68698 0,8033357 0
185,4224 76,80661 0,7869015 17,5368
180,3834 80,5659 0,7717353 34,1622
172,5472 85,76599 0,7441161 49,0596
164,2822 90,69688 0,715351 62,0318
158,1604 93,30578 0,6943162 74,4224
151,6302 95,89508 0,672282 85,7528
143,4124 98,73244 0,6420319 94,4624
136,1184 100,2314 0,6165484 102,6534
131,2878 101,4413 0,6000148 110,9132
122,5206 102,62 0,5664323 115,3764
119,7912 103,6374 0,5571496 123,8406
113,6238 103,192 0,5353659 127,8254
107,3492 102,4892 0,5136831 130,906
101,6462 102,2065 0,4928001 133,0706
96,5004 101,2132 0,4759007 135,3348
