simulations:10000 population:240 rateOfInfect:2 rateOfRecovery:1 rateOfMoving:0,5 run:True standardDiviation:True cliquesAndMovement:True time:2018-07-05|13:18:38 kommentar: xaxis:we yaxis:wedsa
0
255
8
1
0
0
0
0
0
0
0
8
27
65
160
289
457
574
428
248
60
2
0
1
0
1
0
4
6
13
36
56
91
130
178
119
102
69
31
8
2
0
0
1
2
2
8
15
23
37
54
76
83
78
68
47
26
12
7
0
1
1
0
3
4
10
14
33
31
40
56
41
34
39
33
14
8
6
0
0
0
3
4
5
8
21
21
37
36
56
59
50
47
26
16
4
7
0
1
1
2
6
6
5
9
10
30
28
42
45
41
50
28
25
10
9
3
0
0
1
2
3
9
9
13
18
20
43
44
55
57
58
40
33
26
14
3
1
1
2
3
1
7
4
9
15
34
42
54
65
67
68
78
49
38
21
10
4
4
0
0
0
0
3
4
11
11
25
39
61
80
100
106
90
80
52
30
16
6
2
0
0
0
0
0
4
7
4
18
34
55
88
112
145
138
137
120
80
29
15
3
0
1
0
1
0
0
3
0
2
7
6
26
57
94
159
225
240
218
114
48
1
0
0
0
0
0
0
0
0
0
0
0
0
1
8
4
14
25
68
861
%
119,3236
5,1905
0,4535
0,0522
0,0078
0,0009
0,0001
0
0
0
0
0
0
0
0
0
0
0
0
0
%
97,3789
14,8188
2,3325
0,3701
0,059
0,0096
0,0017
0,0008
0
0
0
0
0
0
0
0
0
0
0
0
%
0
0
0
0
0
0
0
0
0
0,0001
0,0009
0,0032
0,0129
0,041
0,1139
0,2603
0,4697
0,7053
0,9176
0,9726
3,9429
2,1814
1,1557
0,6181
0,3286
0,1622
0,0698
0,0307
0,0092
0,0028
0,0007
0,0003
0,0001
0
0
0
0
0
0
0
0
0
0
0
0
0
0
0
0
0
0
0
0
0
0
0
0
0
0
0
0
0
0
0
0
0
0
0
0
0
0
0
0
0
0
0
0
0
0
0
0
0
0
0
0
0
0
0
0
0
0
0
0
0
0
0
0
0
0
0
0
0
0
0
0
0
0
0
0
0
0
0
0
0
0
0
0
0
0
0
0
0
0
0
0
0
0
0
0
0
0
0
0
0
0
0
0
0
0
0
0
0
0
0
0
0
0
0
0
0
0
0
0
0
0
0
0
0
0
0
0
0
0
0
0
0
0
0
0
0
0
0
0
0
0
0
0
0
0
0
0
0
0
0
0
0
0
0
0
0
0
0
0
0
0
0
0
0
0
0
0
0
0
0
0
0
0
0
0
0
0
0
0
0
0
0
0
0
0
0
0
0
0
0
0
0
0
0
0
0
0
0
0
0
0
0
0
0
0
0
%
5,8728
0,0948
0,0034
0,0003
0
0
0
0
0
0,0001
0,0009
0,0033
0,0133
0,0418
0,1159
0,2634
0,4732
0,7112
0,9175
0,963
0,871
0,6779
0,4645
0,2617
0,1388
0,0664
0,0277
0,0128
0,0032
0,0011
0
0
0
0
0
0
0
0
0
0
0
0
0
0
0
0
0
0
0
0
0
0
0
0
0
0
0
0
0
0
0
0
0
0
0
0
0
0
0
0
0
0
0
0
0
0
0
0
0
0
0
0
0
0
0
0
0
0
0
0
0
0
0
0
0
0
0
0
0
0
0
0
0
0
0
0
0
0
0
0
0
0
0
0
0
0
0
0
0
0
0
0
0
0
0
0
0
0
0
0
0
0
0
0
0
0
0
0
0
0
0
0
0
0
0
0
0
0
0
0
0
0
0
0
0
0
0
0
0
0
0
0
0
0
0
0
0
0
0
0
0
0
0
0
0
0
0
0
0
0
0
0
0
0
0
0
0
0
0
0
0
0
0
0
0
0
0
0
0
0
0
0
0
0
0
0
0
0
0
0
0
0
0
0
0
0
0
0
0
0
0
0
0
0
0
0
0
0
0
0
0
0
0
0
0
0
0
0
0
0
%
0
0
0
0
0
0
0
0
0
124
113,5714
121,9
115,0233
110,4021
109,9774
115,721
113,7528
109,3619
110,5902
115,9274
118,1493
122,907
130,2483
136,6471
140,7215
136,2723
138,8817
152,2131
129,1471
146,1667
0
0
0
0
0
0
0
0
0
0
0
0
0
0
0
0
0
0
0
0
