simulations:1000 population:240 rateOfInfect:2 rateOfRecovery:1 rateOfMoving:0,5 run:True standardDiviation:True cliquesAndMovement:True time:2018-07-05|10:24:06 kommentar:
0
22
2
0
0
0
0
0
0
0
0
0
1
5
25
35
46
50
35
34
2
0
0
0
0
0
0
0
0
2
7
8
5
8
9
17
10
9
2
0
0
0
0
0
0
0
1
3
2
2
6
3
11
7
2
11
3
2
0
0
1
0
1
0
1
1
2
1
4
7
11
6
6
3
1
1
1
0
0
0
0
0
0
0
1
4
4
7
7
3
3
3
7
0
2
1
0
0
0
0
0
0
1
2
0
2
2
6
3
5
4
3
4
3
2
2
1
0
0
0
0
0
1
1
0
4
1
6
4
4
1
5
7
6
1
0
0
0
1
0
1
1
1
0
1
2
4
7
3
9
7
10
3
1
0
2
1
0
0
1
0
0
0
0
1
3
1
5
7
1
11
9
8
2
9
7
4
1
1
0
0
1
0
0
0
0
0
0
0
1
5
11
9
11
16
12
8
9
7
0
1
0
0
0
0
0
0
1
1
0
1
2
4
3
6
15
25
18
22
12
6
0
0
0
0
0
0
0
0
0
0
0
0
0
1
2
1
1
2
4
100
118
5
0
0
0
0
0
0
0
0
0
0
0
0
0
0
0
0
0
0
97
14
2
0
0
0
0
0
0
0
0
0
0
0
0
0
0
0
0
0
0
0
0
0
0
0
0
0
0
0
0
0
0
0
0
0
0
0
0
1
3
2
1
0
0
0
0
0
0
0
0
0
0
0
0
0
0
0
0
0
0
0
0
0
0
0
0
0
0
0
0
0
0
0
0
0
0
0
0
0
0
0
0
0
0
0
0
0
0
0
0
0
0
0
0
0
0
0
0
0
0
0
0
0
0
0
0
0
0
0
0
0
0
0
0
0
0
0
0
0
0
0
0
0
0
0
0
0
0
0
0
0
0
0
0
0
0
0
0
0
0
0
0
0
0
0
0
0
0
0
0
0
0
0
0
0
0
0
0
0
0
0
0
0
0
0
0
0
0
0
0
0
0
0
0
0
0
0
0
0
0
0
0
0
0
0
0
0
0
0
0
0
0
0
0
0
0
0
0
0
0
0
0
0
0
0
0
0
0
0
0
0
0
0
0
0
0
0
0
0
0
0
0
0
0
0
0
0
0
0
0
0
0
0
0
0
0
0
0
0
0
0
0
0
0
0
0
0
0
0
0
0
0
0
0
0
0
0
0
0
5
0
0
0
0
0
0
0
0
0
0
0
0
0
0
0
0
0
0
1
0
0
0
0
0
0
0
0
0
0
0
0
0
0
0
0
0
0
0
0
0
0
0
0
0
0
0
0
0
0
0
0
0
0
0
0
0
0
0
0
0
0
0
0
0
0
0
0
0
0
0
0
0
0
0
0
0
0
0
0
0
0
0
0
0
0
0
0
0
0
0
0
0
0
0
0
0
0
0
0
0
0
0
0
0
0
0
0
0
0
0
0
0
0
0
0
0
0
0
0
0
0
0
0
0
0
0
0
0
0
0
0
0
0
0
0
0
0
0
0
0
0
0
0
0
0
0
0
0
0
0
0
0
0
0
0
0
0
0
0
0
0
0
0
0
0
0
0
0
0
0
0
0
0
0
0
0
0
0
0
0
0
0
0
0
0
0
0
0
0
0
0
0
0
0
0
0
0
0
0
0
0
0
0
0
0
0
0
0
0
0
0
0
0
0
0
0
0
0
0
0
0
0
0
0
0
0
0
0
0
0
0
0
0
0
0
0
0
0
0
0
0
0
0
0
0
0
0
0
0
45
49
79
129
107
108
107
114
114
117
115
122
135
143
149
137
153
169
42
39
0
0
0
0
0
0
0
0
0
0
0
0
0
0
0
0
0
0
0
0
