simulations:1000 population:240 rateOfInfect:0,7 rateOfRecovery:1 rateOfMoving:38 run:False standardDiviation:True cliquesAndMovement:True time:2018-07-07|09:40:54 kommentar:
107,8 78,3248 0,471667 0
48,516 81,68255 0,3013334 124,908
25,315 61,52623 0,2179992 125,199
17,885 52,10276 0,1909996 126,715
14,04 46,52235 0,172333 126,194
9,442 35,68796 0,1552499 101,391
10,799 39,92274 0,1654996 135,916
7,303 31,69132 0,143417 103,885
7,553 32,57763 0,1478333 119,762
6,348 29,0477 0,1401671 108,516
5,239 24,97115 0,1346671 93,512
6,485 29,9797 0,1434169 129,719
5,276 25,99757 0,133417 109,535
5,459 27,0233 0,1356671 119,741
4,572 23,7845 0,1285006 106,013
5,133 26,00705 0,1334172 126,246
3,916 21,2881 0,1246673 94,865
3,693 19,95561 0,1245839 91,103
3,563 18,50873 0,1294174 90,063
4,922 25,99742 0,1333339 150,227
