simulations:5000 population:240 rateOfInfect:1 rateOfRecovery:2 rateOfMoving:3 run:False standardDiviation:True cliquesAndMovement:True time:2018-07-09|19:28:36 kommentar:cliquestorlek_10_och_edgegrej_0.8
74,7318 65,49808 0,3399694 0
58,1694 56,75789 0,2924854 10,8332
47,6888 50,11491 0,2635511 17,8672
37,914 43,08216 0,2311321 21,0384
31,586 37,62635 0,2106643 23,2384
27,0096 33,87205 0,1956807 24,6434
23,3396 30,31522 0,1836305 25,5072
20,1722 26,00522 0,1727475 25,2924
17,9964 23,51052 0,1647144 25,7084
15,8014 19,82579 0,1560982 25,2008
14,2504 17,92943 0,1506483 25,008
12,7164 15,75932 0,1430653 24,2112
11,993 14,343 0,1425153 24,8148
10,756 13,99391 0,1355323 24,0404
10,1914 11,82603 0,1341824 24,0166
9,5224 10,96019 0,1302828 23,7844
