simulations:1000 population:240 rateOfInfect:1,5 rateOfRecovery:1 rateOfMoving:0,9 run:False standardDiviation:True cliquesAndMovement:True time:2018-07-07|09:41:39 kommentar:
168,75 80,60013 0,7142501 0
171,765 81,29011 0,73125 10,829
173,81 81,58717 0,743583 22,07
167,318 86,23888 0,7220834 31,485
172,892 83,60332 0,7475838 43,732
168,152 89,76859 0,7276671 52,751
171,418 89,83633 0,7430828 64,865
168,22 92,38648 0,7305002 74,161
161 96,57316 0,7034162 80,555
165,635 96,49643 0,7205835 92,822
