simulations:10000 population:4 rateOfInfect:4 rateOfRecovery:2 rateOfMoving:4 run:True standardDiviation:True cliquesAndMovement:True time:2018-07-05|21:30:26 kommentar:
0
1460
349
416
7775
%
0,377
0,1021
0,0383
0,0156
0,0069
0,0053
0,0027
0,0007
0,0003
0,0004
0
0,0001
0
0
0
0
0
0
0
0
%
2,3111
0,6012
0,2847
0,1345
0,063
0,0287
0,0141
0,007
0,0033
0,0018
0,0006
0,0002
0,0001
0,0002
0
0,0001
0
0
0
0
%
0
0
0
0
1
%
0
0,146
0,0349
0,0416
0,7775
%
0
0
0
0
0
0
0
0
0
0
0
0
0
0
0
0
0
0
0
0
0
0
0
0
0
0
0
0
0
0
0
0
0
0
0
0
0
0
0
0
0
0
0
0
0
0
0
0
0
0
