simulations:1000 population:240 rateOfInfect:1 rateOfRecovery:1 rateOfMoving:3,8 run:False standardDiviation:True cliquesAndMovement:True time:2018-07-08|13:13:23 kommentar:
57,422 49,4133 0,2499161 0
54,811 51,38061 0,2631663 10,317
52,124 55,696 0,2679164 19,631
53,948 60,12637 0,2890833 30,47
49,764 59,14996 0,2813331 36,945
54,5 69,83863 0,3050837 50,272
50,746 69,21698 0,2948331 56,532
48,885 70,28455 0,2908334 63,399
47,811 72,18292 0,2870831 69,475
48,541 74,64012 0,2929165 79,607
49,642 77,33376 0,2986666 89,552
46,089 76,0249 0,2853332 92,801
43,385 75,37058 0,2725827 94,44
42,154 76,04284 0,2651661 98,648
38,359 72,89555 0,2499157 97,151
39,829 75,06206 0,2583326 108,489
39,34 74,455 0,2602493 112,9
34,492 69,16508 0,243916 104,563
38,39 75,06596 0,2555826 123,75
36,726 73,83305 0,2509994 124,071
