simulations:10000 population:4 rateOfInfect:4 rateOfRecovery:2 rateOfMoving:4 run:True standardDiviation:True cliquesAndMovement:True time:2018-07-05|21:32:28 kommentar:
0
1143
294
267
8296
%
0,3132
0,0729
0,0254
0,0103
0,0032
0,0024
0,0005
0,0002
0,0001
0,0002
0
0
0
0
0
0
0
0
0
0
%
2,507
0,6186
0,2531
0,1149
0,0449
0,0182
0,009
0,0033
0,0011
0,0008
0,0003
0,0002
0,0001
0,0001
0
0
0
0
0
0
%
0
0
0
0
1
%
0
0,1143
0,0294
0,0267
0,8296
%
0
0
0
0
0
0
0
0
0
0
0
0
0
0
0
0
0
0
0
0
0
0
0
0
0
0
0
0
0
0
0
0
0
0
0
0
0
0
0
0
0
0
0
0
0
0
0
0
0
0
