simulations:1000 population:240 rateOfInfect:2 rateOfRecovery:1 rateOfMoving:3,8 run:False standardDiviation:True cliquesAndMovement:True time:2018-07-08|13:12:51 kommentar:
84,217 64,03144 0,358417 0
88,292 70,56492 0,3873334 8,324
91,379 72,98512 0,4127503 17,429
89,208 74,88396 0,4125005 25,177
95,729 83,08015 0,443584 36,199
101,359 86,90482 0,4712505 47,871
100,336 88,55989 0,4723335 57,229
102,943 91,77691 0,4851674 68,454
97,174 93,66973 0,4629173 72,031
101,295 97,95827 0,4779173 85,042
104,989 99,8136 0,4952506 97,061
98,388 99,65932 0,4707508 101,169
101,234 102,4524 0,4800009 113,752
99,073 102,4548 0,4728341 120,059
97,288 104,2704 0,463751 126,824
104,624 107,013 0,4913343 147,833
102,207 107,5695 0,4819175 152,709
99,463 107,3225 0,4715844 158,467
103,651 108,0383 0,4909174 173,015
96,195 106,7588 0,4638343 169,678
