simulations:1000 population:240 rateOfInfect:1 rateOfRecovery:1 rateOfMoving:2 run:True standardDiviation:True cliquesAndMovement:True time:2018-07-05|23:20:46 kommentar:
0
50
8
6
16
42
73
76
101
61
48
25
26
12
14
17
18
15
21
20
12
14
13
6
10
5
8
9
5
4
3
3
7
5
3
1
3
6
7
1
7
2
1
4
1
3
2
1
1
4
3
3
2
2
0
1
2
1
2
4
4
1
0
0
0
4
2
0
0
0
0
2
0
0
0
0
0
1
0
2
0
1
0
1
1
2
0
1
0
1
0
0
0
1
0
2
0
1
0
0
1
0
0
0
0
0
1
1
0
0
3
1
1
0
1
2
0
0
0
1
1
0
0
1
0
0
2
0
0
1
1
0
0
0
0
1
0
0
1
1
0
0
0
0
1
0
0
0
1
0
1
0
0
0
0
0
1
0
2
0
1
0
0
1
0
1
1
0
0
0
0
3
0
0
0
0
0
0
0
0
0
0
0
0
0
0
0
2
1
0
1
0
0
1
1
1
1
1
0
0
1
0
1
0
1
0
0
0
1
0
0
0
0
0
0
0
0
1
0
0
0
1
0
0
3
4
2
1
0
0
1
0
0
1
1
1
1
2
4
6
77
%
174,675
15,764
2,614
0,736
0,319
0,138
0,046
0,042
0,012
0,019
0,007
0
0,005
0,001
0
0,001
0,001
0,001
0
0
%
22,73
9,74
5,017
3,007
1,894
1,194
0,739
0,471
0,315
0,2
0,11
0,065
0,046
0,039
0,017
0,009
0,011
0,005
0,002
0,008
%
0
0
0,004
0,01
0,036
0,084
0,164
0,183
0,244
0,205
0,209
0,171
0,161
0,118
0,139
0,127
0,132
0,178
0,176
0,188
2,427
2,564
1,746
0,995
0,558
0,353
0,226
0,16
0,118
0,069
0,054
0,034
0,038
0,024
0,013
0,012
0,008
0,012
0,016
0,008
0,01
0,003
0,005
0,003
0,004
0,002
0
0,001
0
0,004
0,002
0
0,002
0
0
0
0
0
0
0
0
0
0
0
0
0
0
0
0
0
0
0
0
0
0
0
0
0
0
0
0
0
0
0
0
0
0
0
0
0
0
0
0
0
0
0
0
0
0
0
0
0
0
0
0
0
0
0
0
0
0
0
0
0
0
0
0
0
0
0
0
0
0
0
0
0
0
0
0
0
0
0
0
0
0
0
0
0
0
0
0
0
0
0
0
0
0
0
0
0
0
0
0
0
0
0
0
0
0
0
0
0
0
0
0
0
0
0
0
0
0
0
0
0
0
0
0
0
0
0
0
0
0
0
0
0
0
0
0
0
0
0
0
0
0
0
0
0
0
0
0
0
0
0
0
0
0
0
0
0
0
0
0
0
0
0
0
0
0
0
0
0
0
0
0
0
0
0
0
0
0
0
0
0
0
0
0
0
0
0
%
8,634
0,101
0,023
0,015
0,038
0,086
0,172
0,196
0,253
0,216
0,221
0,184
0,158
0,127
0,137
0,114
0,117
0,161
0,164
0,17
0,151
0,13
0,094
0,093
0,081
0,057
0,042
0,025
0,016
0,009
0,007
0,001
0,003
0,003
0
0,001
0
0
0
0
0
0
0
0
0
0
0
0
0
0
0
0
0
0
0
0
0
0
0
0
0
0
0
0
0
0
0
0
0
0
0
0
0
0
0
0
0
0
0
0
0
0
0
0
0
0
0
0
0
0
0
0
0
0
0
0
0
0
0
0
0
0
0
0
0
0
0
0
0
0
0
0
0
0
0
0
0
0
0
0
0
0
0
0
0
0
0
0
0
0
0
0
0
0
0
0
0
0
0
0
0
0
0
0
0
0
0
0
0
0
0
0
0
0
0
0
0
0
0
0
0
0
0
0
0
0
0
0
0
0
0
0
0
0
0
0
0
0
0
0
0
0
0
0
0
0
0
0
0
0
0
0
0
0
0
0
0
0
0
0
0
0
0
0
0
0
0
0
0
0
0
0
0
0
0
0
0
0
0
0
0
0
0
0
0
0
0
0
0
0
0
0
0
0
0
0
0
0
0
0
%
0
0
0
0
0
0
0
0
0
0
0
0
0
0
0
0
0
0
0
0
0
0
0
0
0
0
0
0
0
0
0
0
0
0
0
0
0
0
0
0
0
0
0
0
0
0
0
0
0
0
