simulations:1000 population:240 rateOfInfect:2 rateOfRecovery:1 rateOfMoving:2 run:True standardDiviation:True cliquesAndMovement:True time:2018-07-07|09:39:37 kommentar:
0
28
1
0
0
2
2
5
8
23
29
30
22
15
7
5
0
1
2
6
4
5
8
5
9
2
3
4
2
1
0
2
0
1
4
2
1
1
3
1
0
2
0
1
1
0
0
2
1
0
2
1
0
0
0
0
0
0
1
0
1
0
0
0
1
0
0
1
0
1
0
0
0
0
0
0
0
0
1
0
0
0
0
0
0
1
0
0
1
0
0
0
0
0
0
0
1
0
0
0
0
0
0
0
0
0
0
0
0
0
0
0
1
0
1
0
0
0
0
0
0
0
0
0
0
0
0
0
0
0
0
0
0
0
1
0
0
0
0
0
0
0
0
0
0
1
0
0
0
0
0
0
0
0
0
0
0
0
0
0
0
0
0
0
0
0
0
0
0
0
0
0
0
2
0
0
0
0
1
0
0
0
0
0
0
0
1
0
0
0
0
0
0
0
0
0
0
0
0
0
0
0
0
2
4
1
4
3
3
7
1
3
1
1
1
0
0
0
0
0
0
1
0
0
0
0
0
0
1
0
1
1
1
0
2
1
1
3
4
8
674
%
56,354
3,507
0,451
0,115
0,031
0,014
0,004
0,005
0,002
0,001
0
0
0
0
0
0
0
0
0
0
%
95,119
43,974
20,935
10,082
4,94
2,275
1,14
0,526
0,274
0,125
0,064
0,026
0,018
0,011
0,005
0
0,002
0
0
0
%
0
0
0
0
0
0,002
0,007
0,011
0,02
0,051
0,068
0,105
0,141
0,191
0,294
0,423
0,573
0,714
0,916
0,948
2,01
1,75
1,265
0,868
0,577
0,399
0,266
0,151
0,103
0,051
0,036
0,018
0,013
0,01
0,008
0,004
0,005
0,001
0
0,001
0
0
0
0
0
0
0
0
0
0
0
0
0
0
0
0
0
0
0
0
0
0
0
0
0
0
0
0
0
0
0
0
0
0
0
0
0
0
0
0
0
0
0
0
0
0
0
0
0
0
0
0
0
0
0
0
0
0
0
0
0
0
0
0
0
0
0
0
0
0
0
0
0
0
0
0
0
0
0
0
0
0
0
0
0
0
0
0
0
0
0
0
0
0
0
0
0
0
0
0
0
0
0
0
0
0
0
0
0
0
0
0
0
0
0
0
0
0
0
0
0
0
0
0
0
0
0
0
0
0
0
0
0
0
0
0
0
0
0
0
0
0
0
0
0
0
0
0
0
0
0
0
0
0
0
0
0
0
0
0
0
0
0
0
0
0
0
0
0
0
0
0
0
0
0
0
0
0
0
0
0
0
0
0
0
0
0
0
0
0
0
0
0
0
0
0
0
0
0
0
%
2,769
0,051
0,003
0
0
0,002
0,007
0,011
0,02
0,052
0,071
0,106
0,14
0,2
0,293
0,417
0,572
0,719
0,901
0,943
0,961
0,919
0,803
0,651
0,483
0,344
0,241
0,133
0,092
0,041
0,029
0,011
0,007
0,003
0,003
0,001
0,001
0
0
0
0
0
0
0
0
0
0
0
0
0
0
0
0
0
0
0
0
0
0
0
0
0
0
0
0
0
0
0
0
0
0
0
0
0
0
0
0
0
0
0
0
0
0
0
0
0
0
0
0
0
0
0
0
0
0
0
0
0
0
0
0
0
0
0
0
0
0
0
0
0
0
0
0
0
0
0
0
0
0
0
0
0
0
0
0
0
0
0
0
0
0
0
0
0
0
0
0
0
0
0
0
0
0
0
0
0
0
0
0
0
0
0
0
0
0
0
0
0
0
0
0
0
0
0
0
0
0
0
0
0
0
0
0
0
0
0
0
0
0
0
0
0
0
0
0
0
0
0
0
0
0
0
0
0
0
0
0
0
0
0
0
0
0
0
0
0
0
0
0
0
0
0
0
0
0
0
0
0
0
0
0
0
0
0
0
0
0
0
0
0
0
0
0
0
0
0
0
0
0
0
%
0
0
0
0
0
0
55,66667
39
44,625
83,4
109,5385
141,8246
165,3711
152,2292
171,3391
181,7359
171,785
178,9305
173,4322
175,1954
167,2575
167,714
164,911
168,7767
177,4116
174,2177
171,4709
162,4545
157,1905
156,4571
148,2593
142,7
181,1667
245,6
83
208
2
0
0
0
0
0
0
0
0
0
0
0
0
0
%
0
116,6957
235
0
0
0
55,66667
39
44,625
81,7619
107,3571
140,7557
165,4635
150,9501
172,1449
183,71
172,1983
177,6074
174,217
175,4395
167,8495
168,6851
166,1012
169,245
177,9382
174,8648
172,289
160,7353
157,2024
145,4853
152
142,7
128,8
108
83
208
2
0
0
0
0
0
0
0
0
0
0
0
0
0
%
0
0
0
0
0
0
0
0
0
0,003
0,009
0,029
0,072
0,131
0,231
0,361
0,507
0,641
0,824
0,863
0,885
0,845
0,756
0,624
0,455
0,321
0,227
0,124
0,086
0,039
0,029
0,011
0,007
0,003
0,003
0,001
0,001
0
0
0
0
0
0
0
0
0
0
0
0
0
0
0
0
0
0
0
0
0
0
0
0
0
0
0
0
0
0
0
0
0
0
0
0
0
0
0
0
0
0
0
0
0
0
0
0
0
0
0
0
0
0
0
0
0
0
0
0
0
0
0
0
0
0
0
0
0
0
0
0
0
0
0
0
0
0
0
0
0
0
0
0
0
0
0
0
0
0
0
0
0
0
0
0
0
0
0
0
0
0
0
0
0
0
0
0
0
0
0
0
0
0
0
0
0
0
0
0
0
0
0
0
0
0
0
0
0
0
0
0
0
0
0
0
0
0
0
0
0
0
0
0
0
0
0
0
0
0
0
0
0
0
0
0
0
0
0
0
0
0
0
0
0
0
0
0
0
0
0
0
0
0
0
0
0
0
0
0
0
0
0
0
0
0
0
0
0
0
0
0
0
0
0
0
0
0
0
0
0
0
0
%
0
0
0
0
0
0
0
0
0
0,003
0,009
0,029
0,072
0,131
0,231
0,361
0,507
0,641
0,824
0,863
0,885
0,845
0,756
0,624
0,455
0,321
0,227
0,124
0,086
0,039
0,029
0,011
0,007
0,003
0,003
0,001
0,001
0
0
0
0
0
0
0
0
0
0
0
0
0
0
0
0
0
0
0
0
0
0
0
0
0
0
0
0
0
0
0
0
0
0
0
0
0
0
0
0
0
0
0
0
0
0
0
0
0
0
0
0
0
0
0
0
0
0
0
0
0
0
0
0
0
0
0
0
0
0
0
0
0
0
0
0
0
0
0
0
0
0
0
0
0
0
0
0
0
0
0
0
0
0
0
0
0
0
0
0
0
0
0
0
0
0
0
0
0
0
0
0
0
0
0
0
0
0
0
0
0
0
0
0
0
0
0
0
0
0
0
0
0
0
0
0
0
0
0
0
0
0
0
0
0
0
0
0
0
0
0
0
0
0
0
0
0
0
0
0
0
0
0
0
0
0
0
0
0
0
0
0
0
0
0
0
0
0
0
0
0
0
0
0
0
0
0
0
0
0
0
0
0
0
0
0
0
0
0
0
0
0
0
%
0
0
0
0
0
0,002
0,004
0,007
0,012
0,03
0,04
0,045
0,041
0,038
0,032
0,037
0,047
0,061
0,076
0,069
0,104
0,084
0,075
0,064
0,052
0,028
0,022
0,012
0,006
0,007
0,002
0,001
0,002
0
0
0
0
0
0
0
0
0
0
0
0
0
0
0
0
0
0
0
0
0
0
0
0
0
0
0
0
0
0
0
0
0
0
0
0
0
0
0
0
0
0
0
0
0
0
0
0
0
0
0
0
0
0
0
0
0
0
0
0
0
0
0
0
0
0
0
0
0
0
0
0
0
0
0
0
0
0
0
0
0
0
0
0
0
0
0
0
0
0
0
0
0
0
0
0
0
0
0
0
0
0
0
0
0
0
0
0
0
0
0
0
0
0
0
0
0
0
0
0
0
0
0
0
0
0
0
0
0
0
0
0
0
0
0
0
0
0
0
0
0
0
0
0
0
0
0
0
0
0
0
0
0
0
0
0
0
0
0
0
0
0
0
0
0
0
0
0
0
0
0
0
0
0
0
0
0
0
0
0
0
0
0
0
0
0
0
0
0
0
0
0
0
0
0
0
0
0
0
0
0
0
0
0
0
0
0
