simulations:100 population:240 rateOfInfect:0,5 rateOfRecovery:1 rateOfMoving:57 standardDiviation:True cliquesAndMovement:True time:2018-07-05|09:15:37 kommentar:
34,79 28,70937 0,1616666 0
29,42 66,28804 0,2400001 143,29
20,79 60,61275 0,1933334 192,87
15,22 51,98922 0,1741666 205,72
14,87 52,05079 0,1758333 239,4
9,44 40,79521 0,1408333 181,64
14,53 52,08801 0,1774999 341,39
9,47 40,91168 0,1458333 225,26
9,99 40,84842 0,1741666 275,76
4,61 23,91816 0,1333333 116,37
4,29 23,85702 0,1291666 119,84
9,14 40,84239 0,1458332 333,45
4,11 23,86363 0,12 136,07
9,01 40,86031 0,1533333 352,24
4,16 23,86904 0,1316666 134,43
4,03 23,87697 0,1191666 164
4,09 23,86581 0,1258333 159,46
1,8 2,035048 0,1216666 34,8
6,41 33,55867 0,1383333 333,43
6,42 33,56741 0,13 317,75
