simulations:1000 population:240 rateOfInfect:1 rateOfRecovery:1 rateOfMoving:3 run:True standardDiviation:True cliquesAndMovement:True time:2018-07-07|09:43:42 kommentar:
0
65
9
27
72
82
94
85
46
44
22
21
20
26
24
20
18
11
12
10
7
8
6
4
10
9
5
3
4
3
2
5
5
3
5
6
4
5
0
7
3
6
1
2
1
2
4
0
1
0
1
1
0
2
0
2
0
1
1
2
0
1
0
0
1
0
2
1
0
2
2
2
1
1
0
0
1
0
0
1
0
0
0
1
0
1
2
1
0
0
0
0
0
0
0
2
0
1
0
0
0
0
0
0
0
0
0
0
0
0
0
1
0
0
1
0
0
0
0
0
0
0
0
0
0
0
0
0
0
0
0
0
0
0
0
0
0
0
1
0
0
0
0
0
0
0
0
0
0
0
2
0
0
0
0
0
0
0
0
0
0
0
0
0
0
0
0
0
0
0
1
0
0
0
0
0
0
0
0
0
2
0
1
0
0
0
0
0
0
0
0
0
0
1
1
0
0
0
1
1
0
0
0
0
0
0
0
0
0
0
0
0
0
0
0
0
0
0
0
0
1
0
0
0
1
0
0
0
0
0
2
0
0
0
0
1
0
1
3
8
108
%
175,532
16,914
2,843
0,725
0,275
0,114
0,057
0,035
0,015
0,016
0,006
0,007
0,004
0,007
0,002
0,002
0
0,001
0
0,002
%
17,501
8,338
5,036
3,63
2,499
1,762
1,279
0,929
0,673
0,474
0,363
0,264
0,198
0,121
0,1
0,081
0,051
0,032
0,028
0,084
%
0
0
0,011
0,04
0,142
0,18
0,25
0,24
0,211
0,181
0,131
0,087
0,08
0,068
0,072
0,115
0,122
0,142
0,169
0,178
2,207
2,403
1,921
1,061
0,648
0,405
0,257
0,186
0,13
0,08
0,063
0,04
0,035
0,027
0,021
0,02
0,016
0,011
0,011
0,008
0,007
0,004
0,005
0,002
0,003
0,002
0,001
0,002
0
0
0
0,001
0
0,001
0
0
0,001
0
0
0
0,002
0
0
0
0
0
0
0
0
0
0
0
0
0
0
0
0
0
0
0
0
0
0
0
0
0
0
0
0
0
0
0
0
0
0
0
0
0
0
0
0
0
0
0
0
0
0
0
0
0
0
0
0
0
0
0
0
0
0
0
0
0
0
0
0
0
0
0
0
0
0
0
0
0
0
0
0
0
0
0
0
0
0
0
0
0
0
0
0
0
0
0
0
0
0
0
0
0
0
0
0
0
0
0
0
0
0
0
0
0
0
0
0
0
0
0
0
0
0
0
0
0
0
0
0
0
0
0
0
0
0
0
0
0
0
0
0
0
0
0
0
0
0
0
0
0
0
0
0
0
0
0
0
0
0
0
0
0
0
0
0
0
0
0
0
0
0
0
0
0
0
0
0
0
0
0
0
0
0
0
%
8,676
0,121
0,021
0,049
0,15
0,19
0,249
0,252
0,214
0,182
0,13
0,076
0,074
0,063
0,067
0,104
0,115
0,134
0,155
0,154
0,162
0,141
0,143
0,104
0,087
0,064
0,047
0,031
0,017
0,014
0,006
0,005
0,002
0,001
0
0
0
0
0
0
0
0
0
0
0
0
0
0
0
0
0
0
0
0
0
0
0
0
0
0
0
0
0
0
0
0
0
0
0
0
0
0
0
0
0
0
0
0
0
0
0
0
0
0
0
0
0
0
0
0
0
0
0
0
0
0
0
0
0
0
0
0
0
0
0
0
0
0
0
0
0
0
0
0
0
0
0
0
0
0
0
0
0
0
0
0
0
0
0
0
0
0
0
0
0
0
0
0
0
0
0
0
0
0
0
0
0
0
0
0
0
0
0
0
0
0
0
0
0
0
0
0
0
0
0
0
0
0
0
0
0
0
0
0
0
0
0
0
0
0
0
0
0
0
0
0
0
0
0
0
0
0
0
0
0
0
0
0
0
0
0
0
0
0
0
0
0
0
0
0
0
0
0
0
0
0
0
0
0
0
0
0
0
0
0
0
0
0
0
0
0
0
0
0
0
0
0
0
0
0
%
0
0
30,33333
32,85714
33,91111
42,8254
51,04041
50,39
68,32653
56,48148
88,77778
123,8085
135,1296
200,5385
237,7222
234,1605
201,8101
238,957
238,0097
208,7684
248,383
187,9231
231,7955
187,2838
217,5909
194,8723
190
193,7037
241,8235
127
143,2
191,25
180,5
52
131
59,33333
0
186
0
0
0
0
209
580
0
0
0
0
0
791
%
0
73,5
97,7
47,25
35,60909
41,26866
51,74257
49,22485
71,24747
62,33936
84,43011
125,5222
155,2083
206,7813
253,9231
250,8779
206,9759
244,1293
250,6439
216,2296
259,5911
201,501
248,3059
201,3781
214,6194
200,8352
200,3205
196,84
260,8333
123,625
157
237
151
52
0
0
0
0
0
0
0
0
0
0
0
0
0
0
0
0
%
0
0
0
0
0
0
0
0
0,002
0,002
0,002
0,005
0,018
0,024
0,04
0,065
0,081
0,107
0,125
0,126
0,135
0,116
0,125
0,082
0,075
0,057
0,041
0,027
0,017
0,011
0,005
0,005
0,002
0,001
0
0
0
0
0
0
0
0
0
0
0
0
0
0
0
0
0
0
0
0
0
0
0
0
0
0
0
0
0
0
0
0
0
0
0
0
0
0
0
0
0
0
0
0
0
0
0
0
0
0
0
0
0
0
0
0
0
0
0
0
0
0
0
0
0
0
0
0
0
0
0
0
0
0
0
0
0
0
0
0
0
0
0
0
0
0
0
0
0
0
0
0
0
0
0
0
0
0
0
0
0
0
0
0
0
0
0
0
0
0
0
0
0
0
0
0
0
0
0
0
0
0
0
0
0
0
0
0
0
0
0
0
0
0
0
0
0
0
0
0
0
0
0
0
0
0
0
0
0
0
0
0
0
0
0
0
0
0
0
0
0
0
0
0
0
0
0
0
0
0
0
0
0
0
0
0
0
0
0
0
0
0
0
0
0
0
0
0
0
0
0
0
0
0
0
0
0
0
0
0
0
0
0
0
0
0
%
0
0
0
0
0
0
0
0
0,002
0,002
0,002
0,005
0,018
0,024
0,04
0,065
0,081
0,107
0,125
0,126
0,135
0,116
0,125
0,082
0,075
0,057
0,041
0,027
0,017
0,011
0,005
0,005
0,002
0,001
0
0
0
0
0
0
0
0
0
0
0
0
0
0
0
0
0
0
0
0
0
0
0
0
0
0
0
0
0
0
0
0
0
0
0
0
0
0
0
0
0
0
0
0
0
0
0
0
0
0
0
0
0
0
0
0
0
0
0
0
0
0
0
0
0
0
0
0
0
0
0
0
0
0
0
0
0
0
0
0
0
0
0
0
0
0
0
0
0
0
0
0
0
0
0
0
0
0
0
0
0
0
0
0
0
0
0
0
0
0
0
0
0
0
0
0
0
0
0
0
0
0
0
0
0
0
0
0
0
0
0
0
0
0
0
0
0
0
0
0
0
0
0
0
0
0
0
0
0
0
0
0
0
0
0
0
0
0
0
0
0
0
0
0
0
0
0
0
0
0
0
0
0
0
0
0
0
0
0
0
0
0
0
0
0
0
0
0
0
0
0
0
0
0
0
0
0
0
0
0
0
0
0
0
0
0
%
0
0
0,008
0,026
0,093
0,112
0,143
0,125
0,098
0,078
0,052
0,028
0,021
0,011
0,009
0,013
0,015
0,009
0,022
0,028
0,032
0,015
0,015
0,01
0,006
0,009
0,003
0,004
0,002
0,006
0,002
0,003
0,001
0
0
0
0
0
0
0
0
0
0
0
0
0
0
0
0
0
0
0
0
0
0
0
0,001
0
0
0
0
0
0
0
0
0
0
0
0
0
0
0
0
0
0
0
0
0
0
0
0
0
0
0
0
0
0
0
0
0
0
0
0
0
0
0
0
0
0
0
0
0
0
0
0
0
0
0
0
0
0
0
0
0
0
0
0
0
0
0
0
0
0
0
0
0
0
0
0
0
0
0
0
0
0
0
0
0
0
0
0
0
0
0
0
0
0
0
0
0
0
0
0
0
0
0
0
0
0
0
0
0
0
0
0
0
0
0
0
0
0
0
0
0
0
0
0
0
0
0
0
0
0
0
0
0
0
0
0
0
0
0
0
0
0
0
0
0
0
0
0
0
0
0
0
0
0
0
0
0
0
0
0
0
0
0
0
0
0
0
0
0
0
0
0
0
0
0
0
0
0
0
0
0
0
0
0
0
0
0
