simulations:1000 population:240 rateOfInfect:2 rateOfRecovery:1 rateOfMoving:0,05 run:True standardDiviation:True cliquesAndMovement:True time:2018-07-05|10:24:22 kommentar:
0
24
3
1
0
0
0
0
0
0
0
0
0
0
0
0
0
1
18
76
196
8
0
0
0
0
0
0
0
0
0
0
0
0
0
0
0
3
17
37
59
4
1
0
0
0
0
0
0
0
0
0
0
0
0
0
1
3
10
33
31
4
0
0
0
0
0
0
0
0
0
0
0
0
1
0
0
5
8
26
17
2
0
0
0
0
0
0
0
0
0
0
0
0
0
0
2
0
17
26
16
1
0
0
0
0
0
0
0
0
0
0
0
0
0
0
1
2
14
21
19
1
0
0
0
0
0
0
0
0
0
0
0
0
0
0
1
8
10
22
19
4
0
0
0
0
0
0
0
0
0
0
0
0
0
0
1
4
12
31
23
2
0
0
0
0
0
0
0
0
0
0
0
0
0
0
0
1
6
24
29
3
0
0
0
0
0
0
0
0
0
0
0
0
0
0
0
1
3
17
25
0
0
0
0
0
0
0
0
0
0
0
0
0
0
0
0
0
0
10
21
0
0
0
0
0
0
0
0
0
0
0
0
0
0
0
0
0
0
2
12
154
0
0
0
0
0
0
0
0
0
0
0
0
0
0
0
0
0
0
0
83
1
0
0
0
0
0
0
0
0
0
0
0
0
0
0
0
0
0
0
0
0
0
0
0
0
0
0
0
0
0
0
0
0
0
0
0
0
0
0
9
1
0
0
0
0
0
0
0
0
0
0
0
0
0
0
0
0
0
0
0
0
0
0
0
0
0
0
0
0
0
0
0
0
0
0
0
0
0
0
0
0
0
0
0
0
0
0
0
0
0
0
0
0
0
0
0
0
0
0
0
0
0
0
0
0
0
0
0
0
0
0
0
0
0
0
0
0
0
0
0
0
0
0
0
0
0
0
0
0
0
0
0
0
0
0
0
0
0
0
0
0
0
0
0
0
0
0
0
0
0
0
0
0
0
0
0
0
0
0
0
0
0
0
0
0
0
0
0
0
0
0
0
0
0
0
0
0
0
0
0
0
0
0
0
0
0
0
0
0
0
0
0
0
0
0
0
0
0
0
0
0
0
0
0
0
0
0
0
0
0
0
0
0
0
0
0
0
0
0
0
0
0
0
0
0
0
0
0
0
0
0
0
0
0
0
0
0
0
0
0
0
0
0
0
0
0
0
0
0
0
0
0
0
0
0
0
0
0
0
7
0
0
0
0
0
0
0
0
0
0
0
0
0
0
0
0
0
0
0
2
0
0
0
0
0
0
0
0
0
0
0
0
0
0
0
0
0
0
0
0
0
0
0
0
0
0
0
0
0
0
0
0
0
0
0
0
0
0
0
0
0
0
0
0
0
0
0
0
0
0
0
0
0
0
0
0
0
0
0
0
0
0
0
0
0
0
0
0
0
0
0
0
0
0
0
0
0
0
0
0
0
0
0
0
0
0
0
0
0
0
0
0
0
0
0
0
0
0
0
0
0
0
0
0
0
0
0
0
0
0
0
0
0
0
0
0
0
0
0
0
0
0
0
0
0
0
0
0
0
0
0
0
0
0
0
0
0
0
0
0
0
0
0
0
0
0
0
0
0
0
0
0
0
0
0
0
0
0
0
0
0
0
0
0
0
0
0
0
0
0
0
0
0
0
0
0
0
0
0
0
0
0
0
0
0
0
0
0
0
0
0
0
0
0
0
0
0
0
0
0
0
0
0
0
0
0
0
0
0
0
0
0
0
0
0
0
0
0
0
0
0
0
0
0
0
0
0
0
0
0
0
0
0
0
0
89
88
96
78
66
93
112
88
0
0
0
0
0
0
0
0
0
0
0
0
0
0
0
0
0
0
0
0
0
0
0
0
0
0
