simulations:1000 population:240 rateOfInfect:0,5 rateOfRecovery:1 rateOfMoving:1,9 standardDiviation:True cliquesAndMovement:True time:2018-07-04|18:48:30 kommentar:
188,38 84,70052 0,8106669 0
193,963 82,5967 0,8377499 35,94
192,583 87,50301 0,8298331 70,21
200,816 82,58717 0,8614163 109,698
191,819 92,21352 0,8217492 138,666
191,332 93,39628 0,8181658 171,361
194,64 91,50893 0,8294158 207,179
187,271 97,30284 0,8007496 231,257
189,504 95,85268 0,8096658 266,4
185,222 98,83167 0,792249 291,466
179,968 102,1468 0,7736655 312,866
180,119 102,1963 0,7736659 341,601
176,705 104,194 0,7597491 364,303
171,198 106,7499 0,7402495 378,771
175,534 104,9091 0,7566659 416,071
167,99 108,453 0,7281663 427,334
170,983 107,2331 0,7400827 460,754
167,474 108,5175 0,7292496 476,871
161,359 111,0999 0,703416 482,595
166,548 109,1257 0,7236659 523,548
