simulations:5 population:240 rateOfInfect:1,75 rateOfRecovery:1 rateOfMoving:4,95 time:2018-07-04|11:10:40 kommentar:
180
224,4
139,8
115,2
182,4
200
127,8
87,4
240
220,8
234,6
229,6
152,4
193,8
197,2
178,4
192,2
100,6
107,2
197,4
154,6
103,4
235
196,6
189,2
106
225,6
147
150,4
240
234,8
105,2
194,4
193,6
194,2
177,8
193,2
240
146
185,4
240
233,8
192,2
105
99,8
150,4
150
194,2
116,4
158
240
196,4
240
193,2
158
147,8
147,4
98,6
106,4
196
56
192,2
102
197
147,2
99
193,6
153,2
146
193,8
148,8
99,2
145,4
155,2
103,8
151,8
152
240
154,2
106,8
192,6
149,4
102
153,8
240
145,6
98,6
198,6
54,4
147,4
194,6
100,8
102
146,2
153
53,2
150,8
99,4
148,2
99,8
