simulations:2000 population:240 rateOfInfect:2,4 rateOfRecovery:1 rateOfMoving:0,8 run:False standardDiviation:True cliquesAndMovement:True time:2018-07-07|17:20:04 kommentar:
1 0 0,08333293 8,7165
2,53 1,879853 0,08862439 11,84
4,773 3,966655 0,09824915 14,7625
8,3165 9,263593 0,117249 18,348
12,8255 17,68671 0,1379576 22,4505
17,734 25,83738 0,1582502 25,3135
25,0165 36,16963 0,1890841 30,13
32,3065 44,11297 0,2192928 33,6995
39,901 52,58321 0,2482927 36,917
46,177 57,43004 0,2707094 38,037
50,7685 62,13701 0,2856676 37,5255
57,8265 66,06087 0,3110832 39,204
64,327 69,66546 0,3358744 40,164
67,985 72,65419 0,3464997 39,398
73,5555 74,28556 0,3674159 39,267
75,3945 75,56989 0,3705407 37,5625
82,6145 78,48463 0,3993739 38,458
80,3845 76,7188 0,3882907 35,8955
84,214 77,29118 0,4015823 34,9075
92,1405 80,41204 0,4319575 36,734
92,212 80,2936 0,4304571 34,542
94,44 82,00073 0,4358324 33,9085
95,662 80,42912 0,441207 33,0675
102,8755 82,48943 0,4689989 33,4815
100,537 81,53329 0,4587487 31,64
