simulations:10000 population:4 rateOfInfect:4 rateOfRecovery:2 rateOfMoving:4 run:True standardDiviation:True cliquesAndMovement:True time:2018-07-05|21:32:22 kommentar:
0
1107
310
264
8319
%
0,3061
0,0728
0,0233
0,0092
0,0044
0,0023
0,0014
0,0005
0,0003
0,0002
0
0
0
0
0
0
0
0
0
0
%
2,4993
0,6278
0,2651
0,1101
0,0449
0,0192
0,0073
0,0034
0,0017
0,0005
0,0001
0,0001
0
0
0
0
0
0
0
0
%
0
0
0
0
1
%
0
0,1107
0,031
0,0264
0,8319
%
0
0
0
0
0
0
0
0
0
0
0
0
0
0
0
0
0
0
0
0
0
0
0
0
0
0
0
0
0
0
0
0
0
0
0
0
0
0
0
0
0
0
0
0
0
0
0
0
0
0
