simulations:1000 population:240 rateOfInfect:2 rateOfRecovery:1 rateOfMoving:0,25 run:True standardDiviation:True cliquesAndMovement:True time:2018-07-05|10:26:58 kommentar:
0
23
0
1
0
0
0
0
0
0
0
0
0
0
3
9
11
40
85
64
36
2
0
0
0
0
0
0
0
0
0
2
1
3
3
7
18
18
21
11
5
0
0
0
0
0
0
0
0
0
1
1
4
5
9
11
11
16
8
1
0
0
0
0
0
0
0
0
0
2
3
0
7
7
10
9
8
6
1
1
0
0
0
0
0
0
0
0
0
2
2
4
6
7
12
6
8
7
4
1
0
0
0
0
0
0
0
0
0
2
5
1
4
8
12
10
11
7
1
1
0
0
0
0
0
0
0
0
0
1
2
3
5
12
9
14
8
6
5
1
0
0
0
0
0
0
0
0
0
1
0
2
4
5
8
12
11
8
9
3
1
0
0
0
0
0
0
0
0
1
0
3
3
11
8
12
18
7
9
4
1
0
0
0
0
0
0
0
0
0
0
0
1
1
5
9
10
12
16
9
6
0
0
0
0
0
0
0
0
0
0
0
0
0
0
1
8
16
15
25
15
0
0
0
0
0
0
0
0
0
0
0
0
0
0
0
0
0
0
3
36
135
3
0
0
0
0
0
0
0
0
0
0
0
0
0
0
0
0
0
0
93
6
0
0
0
0
0
0
0
0
0
0
0
0
0
0
0
0
0
0
0
0
0
0
0
0
0
0
0
0
0
0
0
0
0
0
0
0
0
1
5
2
0
0
0
0
0
0
0
0
0
0
0
0
0
0
0
0
0
0
0
0
0
0
0
0
0
0
0
0
0
0
0
0
0
0
0
0
0
0
0
0
0
0
0
0
0
0
0
0
0
0
0
0
0
0
0
0
0
0
0
0
0
0
0
0
0
0
0
0
0
0
0
0
0
0
0
0
0
0
0
0
0
0
0
0
0
0
0
0
0
0
0
0
0
0
0
0
0
0
0
0
0
0
0
0
0
0
0
0
0
0
0
0
0
0
0
0
0
0
0
0
0
0
0
0
0
0
0
0
0
0
0
0
0
0
0
0
0
0
0
0
0
0
0
0
0
0
0
0
0
0
0
0
0
0
0
0
0
0
0
0
0
0
0
0
0
0
0
0
0
0
0
0
0
0
0
0
0
0
0
0
0
0
0
0
0
0
0
0
0
0
0
0
0
0
0
0
0
0
0
0
0
0
0
0
0
0
0
0
0
0
0
0
0
0
0
0
0
0
6
0
0
0
0
0
0
0
0
0
0
0
0
0
0
0
0
0
0
1
1
0
0
0
0
0
0
0
0
0
0
0
0
0
0
0
0
0
0
0
0
0
0
0
0
0
0
0
0
0
0
0
0
0
0
0
0
0
0
0
0
0
0
0
0
0
0
0
0
0
0
0
0
0
0
0
0
0
0
0
0
0
0
0
0
0
0
0
0
0
0
0
0
0
0
0
0
0
0
0
0
0
0
0
0
0
0
0
0
0
0
0
0
0
0
0
0
0
0
0
0
0
0
0
0
0
0
0
0
0
0
0
0
0
0
0
0
0
0
0
0
0
0
0
0
0
0
0
0
0
0
0
0
0
0
0
0
0
0
0
0
0
0
0
0
0
0
0
0
0
0
0
0
0
0
0
0
0
0
0
0
0
0
0
0
0
0
0
0
0
0
0
0
0
0
0
0
0
0
0
0
0
0
0
0
0
0
0
0
0
0
0
0
0
0
0
0
0
0
0
0
0
0
0
0
0
0
0
0
0
0
0
0
0
0
0
0
0
0
0
0
0
0
0
0
0
0
0
0
0
0
0
24
183
107
90
98
95
88
91
96
107
114
126
135
127
108
0
0
0
0
0
0
0
0
0
0
0
0
0
0
0
0
0
0
0
0
0
0
0
