simulations:1000 population:240 rateOfInfect:1 rateOfRecovery:1 rateOfMoving:1,9 run:False standardDiviation:True cliquesAndMovement:True time:2018-07-08|13:07:05 kommentar:
56,199 46,33631 0,2446663 0
54,445 49,80431 0,2489995 5,155
56,687 51,42012 0,2707495 10,615
51,421 51,29816 0,2573327 14,655
56,517 57,79971 0,2860831 21,236
54,986 58,6365 0,2869999 25,664
55,687 60,96651 0,2986666 31,378
54,211 64,14539 0,2937498 35,502
54,065 63,49083 0,2993335 40,223
51,432 65,32444 0,290833 42,776
52,659 67,81166 0,2984998 48,606
49,876 66,50681 0,2887499 50,927
54,287 72,31324 0,30975 59,937
49,04 68,96844 0,2890831 59,121
52,019 73,13768 0,3041663 67,297
47,633 71,14789 0,2847498 64,917
47,778 72,1309 0,2856665 70,095
46,534 72,49347 0,2818331 73,56
50,876 75,91724 0,30575 83,612
48,071 75,36788 0,2912498 84,06
