simulations:5000 population:240 rateOfInfect:1 rateOfRecovery:1 rateOfMoving:3 run:False standardDiviation:True cliquesAndMovement:True time:2018-07-09|19:07:10 kommentar:
55,9462 47,33227 0,2444001 0
43,777 41,10631 0,2144985 8,273
35,1086 33,82494 0,1920142 13,2136
29,245 29,78958 0,1770646 16,3076
24,527 24,99322 0,1641978 18,1976
21,3926 22,49769 0,1561313 19,5076
18,4068 19,81857 0,1456319 19,8416
16,2164 16,47536 0,1393988 20,3888
14,6732 15,80133 0,1343159 20,9552
13,608 13,93339 0,1334326 21,6234
12,1348 12,53761 0,1272494 21,3082
10,944 10,52286 0,1230002 20,9956
10,4732 10,33488 0,1224501 21,5854
9,358 8,390023 0,1168505 20,7816
8,9562 8,257213 0,116134 21,0204
8,449 7,704248 0,1149842 21,2678
