simulations:2000 population:240 rateOfInfect:2,4 rateOfRecovery:1 rateOfMoving:1,8 run:False standardDiviation:True cliquesAndMovement:True time:2018-07-07|17:28:05 kommentar:
1 0 0,08333293 12,7845
1,8455 1,192197 0,08791613 14,4955
3,117 2,533278 0,09679088 17,6315
4,4635 4,087423 0,1058323 19,5545
6,737 11,12934 0,1185405 23,6075
10,2505 20,74854 0,1384576 30,7655
15,892 34,05619 0,1644173 41,504
22,513 46,07128 0,1915011 51,648
30,273 55,91425 0,2239175 60,963
42,5985 70,35839 0,271751 77,636
47,4495 74,42082 0,2852916 78,464
56,6945 81,84136 0,3191668 85,9005
59,477 82,31002 0,3289991 81,99
68,6855 87,7839 0,3631656 87,842
76,663 91,28517 0,3931655 91,9315
82,583 93,52681 0,4147902 92,294
86,237 94,39058 0,4259993 90,129
91,15 96,11285 0,4419981 89,764
94,894 96,5361 0,4569573 88,984
96,9675 96,74745 0,4638322 86,138
102,194 96,55115 0,4850822 86,2745
101,518 96,80845 0,4791236 81,661
107,927 97,4984 0,5022908 82,671
109,4275 97,41586 0,5085404 80,554
109,779 97,57687 0,5082489 77,029
