simulations:10000 population:5 rateOfInfect:4 rateOfRecovery:2 rateOfMoving:4 run:True standardDiviation:True cliquesAndMovement:True time:2018-07-05|20:13:23 kommentar:
0
1347
289
222
1002
7140
%
0,4694
0,1399
0,0548
0,0316
0,0203
0,0154
0,0116
0,0065
0,0071
0,0037
0,003
0,0018
0,0019
0,0014
0,0006
0,0002
0
0,0002
0,0003
0,0004
%
2,5323
0,8243
0,4225
0,2174
0,1118
0,0611
0,0289
0,0167
0,0068
0,0035
0,0018
0,0013
0,0005
0,0004
0,0003
0,0002
0
0
0
0,0001
%
0
0
0
0
0
1
%
0
0,1347
0,0289
0,0222
0,1002
0,714
%
0
0
0
0
0
0
0
0
0
0
0
0
0
0
0
0
0
0
0
0
0
0
0
0
0
0
0
0
0
0
0
0
0
0
0
0
0
0
0
0
0
0
0
0
0
0
0
0
0
0
