simulations:1000 population:240 rateOfInfect:1,2 rateOfRecovery:1 rateOfMoving:2 run:True standardDiviation:True cliquesAndMovement:True time:2018-07-07|09:40:04 kommentar:
0
41
2
3
7
16
34
48
65
45
31
20
10
11
11
13
7
10
6
12
14
6
2
2
3
5
5
2
5
6
4
4
2
1
2
4
2
1
2
2
0
3
0
0
0
2
0
1
1
1
2
1
3
1
3
1
1
0
2
2
1
0
1
0
0
0
0
2
2
1
1
0
0
0
0
1
0
0
1
0
1
0
0
0
1
0
0
0
1
0
0
1
0
1
0
0
0
0
0
0
0
0
0
0
0
0
0
0
0
0
0
2
0
0
0
0
0
1
0
1
0
0
0
0
0
1
0
0
0
1
0
0
1
0
0
0
0
0
0
0
0
0
0
0
0
0
0
0
0
0
1
0
1
0
1
1
0
0
0
0
0
1
0
0
0
0
0
0
0
0
0
1
0
0
0
1
0
0
0
0
1
0
0
0
0
0
0
1
0
0
0
0
2
2
1
1
0
3
1
1
1
2
0
4
0
2
0
1
1
0
0
0
0
1
1
0
0
0
0
2
0
2
1
1
2
0
0
1
0
1
3
1
2
1
2
2
2
2
8
12
410
%
105,469
8,686
1,387
0,35
0,144
0,081
0,041
0,02
0,018
0,01
0,003
0,002
0,001
0,002
0,002
0,001
0,001
0,002
0
0,001
%
52,652
28,833
16,874
10,077
6,016
3,641
2,225
1,342
0,805
0,493
0,303
0,194
0,125
0,075
0,051
0,035
0,014
0,013
0,007
0,004
%
0
0
0
0,002
0,014
0,031
0,075
0,103
0,139
0,135
0,115
0,122
0,129
0,183
0,215
0,304
0,424
0,547
0,561
0,591
2,061
2,062
1,488
0,954
0,601
0,376
0,253
0,16
0,108
0,089
0,042
0,026
0,024
0,012
0,005
0,011
0,002
0,005
0,003
0,003
0,003
0,002
0,002
0,008
0,003
0,002
0,002
0,002
0,001
0
0
0
0
0
0
0
0
0
0
0
0
0
0
0
0
0
0
0
0
0
0
0
0
0
0
0
0
0
0
0
0
0
0
0
0
0
0
0
0
0
0
0
0
0
0
0
0
0
0
0
0
0
0
0
0
0
0
0
0
0
0
0
0
0
0
0
0
0
0
0
0
0
0
0
0
0
0
0
0
0
0
0
0
0
0
0
0
0
0
0
0
0
0
0
0
0
0
0
0
0
0
0
0
0
0
0
0
0
0
0
0
0
0
0
0
0
0
0
0
0
0
0
0
0
0
0
0
0
0
0
0
0
0
0
0
0
0
0
0
0
0
0
0
0
0
0
0
0
0
0
0
0
0
0
0
0
0
0
0
0
0
0
0
0
0
0
0
0
0
0
0
0
0
0
0
0
0
0
0
0
0
0
0
0
0
0
0
0
0
0
%
5,187
0,094
0,006
0,005
0,013
0,032
0,075
0,105
0,144
0,14
0,123
0,128
0,134
0,184
0,219
0,304
0,41
0,538
0,549
0,573
0,581
0,564
0,521
0,409
0,332
0,216
0,15
0,101
0,063
0,047
0,024
0,01
0,011
0,004
0,001
0,002
0
0,001
0
0
0
0
0
0
0
0
0
0
0
0
0
0
0
0
0
0
0
0
0
0
0
0
0
0
0
0
0
0
0
0
0
0
0
0
0
0
0
0
0
0
0
0
0
0
0
0
0
0
0
0
0
0
0
0
0
0
0
0
0
0
0
0
0
0
0
0
0
0
0
0
0
0
0
0
0
0
0
0
0
0
0
0
0
0
0
0
0
0
0
0
0
0
0
0
0
0
0
0
0
0
0
0
0
0
0
0
0
0
0
0
0
0
0
0
0
0
0
0
0
0
0
0
0
0
0
0
0
0
0
0
0
0
0
0
0
0
0
0
0
0
0
0
0
0
0
0
0
0
0
0
0
0
0
0
0
0
0
0
0
0
0
0
0
0
0
0
0
0
0
0
0
0
0
0
0
0
0
0
0
0
0
0
0
0
0
0
0
0
0
0
0
0
0
0
0
0
0
0
0
0
%
0
0
0
16
17,2
28,83333
36,08
29,33333
47,02083
79,74074
85,93221
152,519
174,6848
183,9213
190,3719
226,9031
198,1056
188,2061
214,0296
200,9187
186,898
182,4414
187,5224
199,7762
194,8451
183,2813
168,1923
176,587
170,6981
197,4419
180,76
137,7
182,7273
250,5
193,6667
105
272
78
649
463
462
0
0
0
585
0
0
0
0
0
%
0
115,5
234,25
19,5
15,75
28,875
35,53846
29,875
46,58
80,3362
90,0651
147,9198
169,8877
182,5168
189,0089
228,0517
198,0839
188,8382
217,9981
201,6184
191,1136
185,2342
189,87
202,8432
196,9088
182,6915
173,4472
180,2022
173,7549
200,8875
194,6667
137,7
195,6
104,75
107
105
0
78
0
0
0
0
0
0
0
0
0
0
0
0
%
0
0
0
0
0
0
0
0
0
0,003
0,014
0,025
0,049
0,096
0,145
0,223
0,326
0,427
0,459
0,492
0,492
0,49
0,463
0,358
0,294
0,19
0,131
0,092
0,058
0,045
0,024
0,009
0,01
0,003
0,001
0,001
0
0
0
0
0
0
0
0
0
0
0
0
0
0
0
0
0
0
0
0
0
0
0
0
0
0
0
0
0
0
0
0
0
0
0
0
0
0
0
0
0
0
0
0
0
0
0
0
0
0
0
0
0
0
0
0
0
0
0
0
0
0
0
0
0
0
0
0
0
0
0
0
0
0
0
0
0
0
0
0
0
0
0
0
0
0
0
0
0
0
0
0
0
0
0
0
0
0
0
0
0
0
0
0
0
0
0
0
0
0
0
0
0
0
0
0
0
0
0
0
0
0
0
0
0
0
0
0
0
0
0
0
0
0
0
0
0
0
0
0
0
0
0
0
0
0
0
0
0
0
0
0
0
0
0
0
0
0
0
0
0
0
0
0
0
0
0
0
0
0
0
0
0
0
0
0
0
0
0
0
0
0
0
0
0
0
0
0
0
0
0
0
0
0
0
0
0
0
0
0
0
0
0
0
%
0
0
0
0
0
0
0
0
0
0,003
0,014
0,025
0,049
0,096
0,145
0,223
0,326
0,427
0,459
0,492
0,492
0,49
0,463
0,358
0,294
0,19
0,131
0,092
0,058
0,045
0,024
0,009
0,01
0,003
0,001
0,001
0
0
0
0
0
0
0
0
0
0
0
0
0
0
0
0
0
0
0
0
0
0
0
0
0
0
0
0
0
0
0
0
0
0
0
0
0
0
0
0
0
0
0
0
0
0
0
0
0
0
0
0
0
0
0
0
0
0
0
0
0
0
0
0
0
0
0
0
0
0
0
0
0
0
0
0
0
0
0
0
0
0
0
0
0
0
0
0
0
0
0
0
0
0
0
0
0
0
0
0
0
0
0
0
0
0
0
0
0
0
0
0
0
0
0
0
0
0
0
0
0
0
0
0
0
0
0
0
0
0
0
0
0
0
0
0
0
0
0
0
0
0
0
0
0
0
0
0
0
0
0
0
0
0
0
0
0
0
0
0
0
0
0
0
0
0
0
0
0
0
0
0
0
0
0
0
0
0
0
0
0
0
0
0
0
0
0
0
0
0
0
0
0
0
0
0
0
0
0
0
0
0
0
0
%
0
0
0
0,001
0,009
0,019
0,05
0,075
0,088
0,073
0,05
0,037
0,029
0,038
0,021
0,027
0,04
0,047
0,043
0,058
0,062
0,05
0,038
0,034
0,036
0,026
0,019
0,009
0,01
0,006
0,003
0
0,001
0
0
0,001
0
0
0
0
0
0
0
0
0
0
0
0
0
0
0
0
0
0
0
0
0
0
0
0
0
0
0
0
0
0
0
0
0
0
0
0
0
0
0
0
0
0
0
0
0
0
0
0
0
0
0
0
0
0
0
0
0
0
0
0
0
0
0
0
0
0
0
0
0
0
0
0
0
0
0
0
0
0
0
0
0
0
0
0
0
0
0
0
0
0
0
0
0
0
0
0
0
0
0
0
0
0
0
0
0
0
0
0
0
0
0
0
0
0
0
0
0
0
0
0
0
0
0
0
0
0
0
0
0
0
0
0
0
0
0
0
0
0
0
0
0
0
0
0
0
0
0
0
0
0
0
0
0
0
0
0
0
0
0
0
0
0
0
0
0
0
0
0
0
0
0
0
0
0
0
0
0
0
0
0
0
0
0
0
0
0
0
0
0
0
0
0
0
0
0
0
0
0
0
0
0
0
0
0
