simulations:2000 population:240 rateOfInfect:2,4 rateOfRecovery:1 rateOfMoving:2,6 run:False standardDiviation:True cliquesAndMovement:True time:2018-07-07|17:29:22 kommentar:
1 0 0,08333293 14,708
1,6555 0,9966536 0,08841608 16,244
2,5515 1,902677 0,09604096 18,518
3,584 3,205792 0,1032073 20,686
5,17 10,53831 0,1142905 25,1585
7,968 18,94959 0,1324574 32,482
13,356 34,22783 0,1585836 48,6615
20,674 49,10249 0,1866261 66,712
28,211 59,79153 0,2190845 81,4545
34,498 67,82224 0,2392097 89,2095
42,012 74,78246 0,2679592 99,8685
50,158 81,55465 0,2989166 107,9685
56,996 87,21474 0,3204159 112,9225
69,075 93,97369 0,3667487 127,22
70,7115 95,2621 0,3667071 120,878
83,4705 99,99278 0,4184152 134,003
85,691 100,6212 0,4247061 129,21
90,3455 101,9854 0,4403734 128,1755
92,7015 102,4001 0,4481649 125,083
102,68 104,7904 0,4864148 131,1275
104,3815 103,5265 0,4942062 126,461
110,005 104,9648 0,5123316 127,559
110,4735 104,9797 0,5142901 121,8795
112,5995 104,8683 0,5199984 119,176
111,5875 103,8413 0,5164985 113,4975
