simulations:10000 population:240 rateOfInfect:0,5 rateOfRecovery:1 rateOfMoving:1 run:True standardDiviation:True cliquesAndMovement:True time:2018-07-05|13:04:12 kommentar:
0
1075
182
127
204
380
612
767
843
696
530
307
186
113
136
154
183
185
155
146
119
96
75
79
64
52
68
66
63
67
44
40
45
40
39
39
39
35
51
36
28
46
31
25
23
14
19
22
21
13
18
20
15
13
21
13
20
12
10
10
12
11
11
19
16
11
8
9
9
16
16
13
7
9
10
4
4
10
9
4
7
4
1
6
6
10
13
4
7
4
4
7
9
6
3
5
8
6
6
11
5
4
5
6
9
3
3
6
3
6
7
7
5
4
4
5
3
1
4
6
7
4
4
1
7
7
4
6
3
5
3
3
5
9
6
5
4
2
4
3
1
5
11
1
2
6
2
4
2
6
5
0
5
3
4
5
2
2
7
4
2
10
5
2
5
1
2
4
4
5
5
4
2
4
5
2
5
6
3
4
5
1
3
7
9
6
4
8
3
8
2
4
5
7
6
4
5
0
4
7
3
6
6
2
6
4
3
4
2
7
3
5
7
7
11
6
9
5
10
9
7
7
11
15
12
16
17
13
17
12
12
14
16
27
17
22
36
51
70
84
99
%
184
15
2
0
0
0
0
0
0
0
0
0
0
0
0
0
0
0
0
0
%
19
7
3
2
1
0
0
0
0
0
0
0
0
0
0
0
0
0
0
0
%
0
0
0
0
0
0
0
0
0
0
0
0
0
0
0
0
0
0
0
0
3
2
1
0
0
0
0
0
0
0
0
0
0
0
0
0
0
0
0
0
0
0
0
0
0
0
0
0
0
0
0
0
0
0
0
0
0
0
0
0
0
0
0
0
0
0
0
0
0
0
0
0
0
0
0
0
0
0
0
0
0
0
0
0
0
0
0
0
0
0
0
0
0
0
0
0
0
0
0
0
0
0
0
0
0
0
0
0
0
0
0
0
0
0
0
0
0
0
0
0
0
0
0
0
0
0
0
0
0
0
0
0
0
0
0
0
0
0
0
0
0
0
0
0
0
0
0
0
0
0
0
0
0
0
0
0
0
0
0
0
0
0
0
0
0
0
0
0
0
0
0
0
0
0
0
0
0
0
0
0
0
0
0
0
0
0
0
0
0
0
0
0
0
0
0
0
0
0
0
0
0
0
0
0
0
0
0
0
0
0
0
0
0
0
0
0
0
0
0
0
0
0
0
0
0
0
0
0
0
0
0
0
0
0
0
0
0
0
0
0
%
9
0
0
0
0
0
0
0
0
0
0
0
0
0
0
0
0
0
0
0
0
0
0
0
0
0
0
0
0
0
0
0
0
0
0
0
0
0
0
0
0
0
0
0
0
0
0
0
0
0
0
0
0
0
0
0
0
0
0
0
0
0
0
0
0
0
0
0
0
0
0
0
0
0
0
0
0
0
0
0
0
0
0
0
0
0
0
0
0
0
0
0
0
0
0
0
0
0
0
0
0
0
0
0
0
0
0
0
0
0
0
0
0
0
0
0
0
0
0
0
0
0
0
0
0
0
0
0
0
0
0
0
0
0
0
0
0
0
0
0
0
0
0
0
0
0
0
0
0
0
0
0
0
0
0
0
0
0
0
0
0
0
0
0
0
0
0
0
0
0
0
0
0
0
0
0
0
0
0
0
0
0
0
0
0
0
0
0
0
0
0
0
0
0
0
0
0
0
0
0
0
0
0
0
0
0
0
0
0
0
0
0
0
0
0
0
0
0
0
0
0
0
0
0
0
0
0
0
0
0
0
0
0
0
0
0
0
0
0
0
%
0
0
2
35
38
43
45
52
57
63
77
94
118
146
165
177
187
189
182
173
175
156
146
150
149
158
158
138
150
145
131
145
143
197
188
114
274
231
180
298
366
260
0
177
355
329
386
300
373
304
