simulations:1000 population:240 rateOfInfect:1,5 rateOfRecovery:1 rateOfMoving:2 run:True standardDiviation:True cliquesAndMovement:True time:2018-07-07|09:39:51 kommentar:
0
36
6
0
1
6
15
18
37
36
28
26
12
6
6
3
7
7
7
16
5
10
9
6
5
0
2
3
3
3
2
3
5
6
4
2
1
0
2
1
0
2
1
0
1
1
2
2
0
1
0
0
1
1
1
1
0
0
0
0
1
0
0
0
2
2
1
1
0
0
0
0
0
0
0
0
0
1
0
0
0
1
0
0
0
0
0
0
0
0
0
1
0
0
0
1
0
0
1
0
0
0
1
0
0
0
0
0
1
0
0
0
0
1
0
0
0
0
0
1
0
0
0
0
0
0
0
0
1
0
0
0
0
0
1
1
0
0
1
1
1
0
0
1
0
1
0
0
0
0
0
0
0
0
1
0
0
0
0
0
0
0
1
0
0
1
1
1
0
0
0
1
2
0
0
0
0
1
0
0
0
0
1
0
0
0
0
0
0
0
1
0
0
0
0
0
0
1
1
1
1
4
0
3
4
0
2
3
1
0
1
1
0
0
0
0
0
0
0
0
0
0
0
0
1
0
0
1
0
0
0
0
0
1
0
3
2
4
4
10
557
%
78,97
5,771
0,923
0,227
0,097
0,042
0,02
0,01
0,008
0,001
0,002
0,001
0,001
0
0
0
0
0
0
0
%
71,916
36,978
20,076
11,143
6,279
3,375
1,913
0,998
0,563
0,316
0,18
0,085
0,047
0,023
0,015
0,007
0,005
0,002
0,005
0,001
%
0
0
0
0,001
0,001
0,01
0,028
0,041
0,072
0,094
0,104
0,129
0,145
0,186
0,258
0,374
0,504
0,652
0,722
0,825
2,051
1,869
1,344
0,904
0,585
0,358
0,274
0,172
0,105
0,068
0,032
0,024
0,013
0,012
0,004
0,01
0,009
0,008
0
0,006
0,002
0,003
0
0
0
0
0
0
0
0
0,001
0
0
0
0
0
0
0
0
0
0
0
0
0
0
0
0
0
0
0
0
0
0
0
0
0
0
0
0
0
0
0
0
0
0
0
0
0
0
0
0
0
0
0
0
0
0
0
0
0
0
0
0
0
0
0
0
0
0
0
0
0
0
0
0
0
0
0
0
0
0
0
0
0
0
0
0
0
0
0
0
0
0
0
0
0
0
0
0
0
0
0
0
0
0
0
0
0
0
0
0
0
0
0
0
0
0
0
0
0
0
0
0
0
0
0
0
0
0
0
0
0
0
0
0
0
0
0
0
0
0
0
0
0
0
0
0
0
0
0
0
0
0
0
0
0
0
0
0
0
0
0
0
0
0
0
0
0
0
0
0
0
0
0
0
0
0
0
0
0
0
0
0
0
0
0
0
0
0
0
0
0
0
0
0
0
0
0
0
0
%
3,881
0,069
0,008
0,002
0,001
0,01
0,029
0,041
0,073
0,095
0,105
0,133
0,148
0,187
0,262
0,372
0,502
0,65
0,712
0,816
0,776
0,754
0,661
0,519
0,389
0,271
0,218
0,133
0,082
0,054
0,025
0,014
0,004
0,003
0
0
0,001
0
0
0
0
0
0
0
0
0
0
0
0
0
0
0
0
0
0
0
0
0
0
0
0
0
0
0
0
0
0
0
0
0
0
0
0
0
0
0
0
0
0
0
0
0
0
0
0
0
0
0
0
0
0
0
0
0
0
0
0
0
0
0
0
0
0
0
0
0
0
0
0
0
0
0
0
0
0
0
0
0
0
0
0
0
0
0
0
0
0
0
0
0
0
0
0
0
0
0
0
0
0
0
0
0
0
0
0
0
0
0
0
0
0
0
0
0
0
0
0
0
0
0
0
0
0
0
0
0
0
0
0
0
0
0
0
0
0
0
0
0
0
0
0
0
0
0
0
0
0
0
0
0
0
0
0
0
0
0
0
0
0
0
0
0
0
0
0
0
0
0
0
0
0
0
0
0
0
0
0
0
0
0
0
0
0
0
0
0
0
0
0
0
0
0
0
0
0
0
0
0
0
0
%
0
0
0
22
0
33
33
36,41667
43,54167
56,44444
106,2826
129,2763
182,6535
167,8741
190,1368
177,8158
192,9031
193,7644
196,074
178,7623
182,4787
176,6507
172,3858
175,9775
187,2203
181,2698
184,9257
183,7345
162
188,9583
189
187,3333
234,5
125,6667
149
397
259
0
0
0
213
329
0
0
0
0
0
0
0
0
%
0
105,4545
81,5
22
0
33
36
45,36364
43,54167
55,81081
104,8298
127,1623
178,2605
166,7759
186,9984
175,4042
192,1648
194,5558
197,3063
179,2584
184,0811
178,4287
173,6551
179,0481
188,1376
181,8808
186,5241
183,7434
164,8919
186,3511
184,12
179,8462
234,5
125,6667
0
0
259
0
0
0
0
0
0
0
0
0
0
0
0
0
%
0
0
0
0
0
0,001
0
0
0,002
0,004
0,013
0,035
0,063
0,106
0,196
0,299
0,407
0,568
0,629
0,734
0,703
0,707
0,613
0,482
0,364
0,255
0,205
0,124
0,08
0,05
0,024
0,014
0,004
0,001
0
0
0,001
0
0
0
0
0
0
0
0
0
0
0
0
0
0
0
0
0
0
0
0
0
0
0
0
0
0
0
0
0
0
0
0
0
0
0
0
0
0
0
0
0
0
0
0
0
0
0
0
0
0
0
0
0
0
0
0
0
0
0
0
0
0
0
0
0
0
0
0
0
0
0
0
0
0
0
0
0
0
0
0
0
0
0
0
0
0
0
0
0
0
0
0
0
0
0
0
0
0
0
0
0
0
0
0
0
0
0
0
0
0
0
0
0
0
0
0
0
0
0
0
0
0
0
0
0
0
0
0
0
0
0
0
0
0
0
0
0
0
0
0
0
0
0
0
0
0
0
0
0
0
0
0
0
0
0
0
0
0
0
0
0
0
0
0
0
0
0
0
0
0
0
0
0
0
0
0
0
0
0
0
0
0
0
0
0
0
0
0
0
0
0
0
0
0
0
0
0
0
0
0
0
0
0
%
0
0
0
0
0
0,001
0
0
0,002
0,004
0,013
0,035
0,063
0,106
0,196
0,299
0,407
0,568
0,629
0,734
0,703
0,707
0,613
0,482
0,364
0,255
0,205
0,124
0,08
0,05
0,024
0,014
0,004
0,001
0
0
0,001
0
0
0
0
0
0
0
0
0
0
0
0
0
0
0
0
0
0
0
0
0
0
0
0
0
0
0
0
0
0
0
0
0
0
0
0
0
0
0
0
0
0
0
0
0
0
0
0
0
0
0
0
0
0
0
0
0
0
0
0
0
0
0
0
0
0
0
0
0
0
0
0
0
0
0
0
0
0
0
0
0
0
0
0
0
0
0
0
0
0
0
0
0
0
0
0
0
0
0
0
0
0
0
0
0
0
0
0
0
0
0
0
0
0
0
0
0
0
0
0
0
0
0
0
0
0
0
0
0
0
0
0
0
0
0
0
0
0
0
0
0
0
0
0
0
0
0
0
0
0
0
0
0
0
0
0
0
0
0
0
0
0
0
0
0
0
0
0
0
0
0
0
0
0
0
0
0
0
0
0
0
0
0
0
0
0
0
0
0
0
0
0
0
0
0
0
0
0
0
0
0
0
0
%
0
0
0
0
0,001
0,006
0,019
0,029
0,048
0,057
0,055
0,05
0,034
0,028
0,019
0,044
0,036
0,053
0,063
0,091
0,077
0,063
0,062
0,054
0,042
0,032
0,014
0,009
0,006
0,007
0
0,001
0
0
0
0
0
0
0
0
0
0
0
0
0
0
0
0
0
0
0
0
0
0
0
0
0
0
0
0
0
0
0
0
0
0
0
0
0
0
0
0
0
0
0
0
0
0
0
0
0
0
0
0
0
0
0
0
0
0
0
0
0
0
0
0
0
0
0
0
0
0
0
0
0
0
0
0
0
0
0
0
0
0
0
0
0
0
0
0
0
0
0
0
0
0
0
0
0
0
0
0
0
0
0
0
0
0
0
0
0
0
0
0
0
0
0
0
0
0
0
0
0
0
0
0
0
0
0
0
0
0
0
0
0
0
0
0
0
0
0
0
0
0
0
0
0
0
0
0
0
0
0
0
0
0
0
0
0
0
0
0
0
0
0
0
0
0
0
0
0
0
0
0
0
0
0
0
0
0
0
0
0
0
0
0
0
0
0
0
0
0
0
0
0
0
0
0
0
0
0
0
0
0
0
0
0
0
0
0
