simulations:1000 population:240 rateOfInfect:0,5 rateOfRecovery:1 rateOfMoving:0,5 run:True standardDiviation:True cliquesAndMovement:True time:2018-07-05|10:14:22 kommentar:
0
122
8
1
3
4
8
17
38
53
49
73
63
49
38
17
3
4
5
8
11
13
11
31
16
14
13
8
10
8
6
4
1
5
10
4
8
9
8
5
7
9
5
3
1
2
3
5
4
4
2
8
1
4
2
3
1
2
3
1
3
4
1
6
2
4
5
2
0
3
3
4
3
4
1
2
0
1
1
1
2
4
0
1
2
1
2
0
3
1
1
0
3
2
1
0
1
1
1
0
2
1
1
2
1
4
1
1
1
1
2
1
1
1
0
0
1
0
1
2
0
1
0
1
0
3
1
0
0
1
0
0
0
1
1
0
2
0
1
0
0
1
1
0
0
1
0
1
1
2
3
1
1
0
1
0
1
0
0
2
0
1
0
1
0
1
1
1
1
0
1
1
0
0
2
1
0
1
1
0
0
0
0
0
1
0
0
0
1
2
1
0
0
1
0
0
0
0
1
0
1
0
0
1
0
0
2
0
0
1
0
0
3
0
0
0
0
1
0
1
0
0
0
0
0
1
0
1
1
0
2
1
0
1
1
1
1
0
1
3
0
189
13
1
0
0
0
0
0
0
0
0
0
0
0
0
0
0
0
0
0
26
6
1
0
0
0
0
0
0
0
0
0
0
0
0
0
0
0
0
0
0
0
0
0
0
0
0
0
0
0
0
0
0
0
0
0
0
0
0
0
3
2
1
0
0
0
0
0
0
0
0
0
0
0
0
0
0
0
0
0
0
0
0
0
0
0
0
0
0
0
0
0
0
0
0
0
0
0
0
0
0
0
0
0
0
0
0
0
0
0
0
0
0
0
0
0
0
0
0
0
0
0
0
0
0
0
0
0
0
0
0
0
0
0
0
0
0
0
0
0
0
0
0
0
0
0
0
0
0
0
0
0
0
0
0
0
0
0
0
0
0
0
0
0
0
0
0
0
0
0
0
0
0
0
0
0
0
0
0
0
0
0
0
0
0
0
0
0
0
0
0
0
0
0
0
0
0
0
0
0
0
0
0
0
0
0
0
0
0
0
0
0
0
0
0
0
0
0
0
0
0
0
0
0
0
0
0
0
0
0
0
0
0
0
0
0
0
0
0
0
0
0
0
0
0
0
0
0
0
0
0
0
0
0
0
0
0
0
0
0
0
0
0
0
0
0
0
0
0
0
0
0
0
0
0
0
0
0
0
0
9
0
0
0
0
0
0
0
0
0
0
0
0
0
0
0
0
0
0
0
0
0
0
0
0
0
0
0
0
0
0
0
0
0
0
0
0
0
0
0
0
0
0
0
0
0
0
0
0
0
0
0
0
0
0
0
0
0
0
0
0
0
0
0
0
0
0
0
0
0
0
0
0
0
0
0
0
0
0
0
0
0
0
0
0
0
0
0
0
0
0
0
0
0
0
0
0
0
0
0
0
0
0
0
0
0
0
0
0
0
0
0
0
0
0
0
0
0
0
0
0
0
0
0
0
0
0
0
0
0
0
0
0
0
0
0
0
0
0
0
0
0
0
0
0
0
0
0
0
0
0
0
0
0
0
0
0
0
0
0
0
0
0
0
0
0
0
0
0
0
0
0
0
0
0
0
0
0
0
0
0
0
0
0
0
0
0
0
0
0
0
0
0
0
0
0
0
0
0
0
0
0
0
0
0
0
0
0
0
0
0
0
0
0
0
0
0
0
0
0
0
0
0
0
0
0
0
0
0
0
0
0
0
0
0
0
0
0
0
0
0
0
0
0
0
35
72
21
70
49
49
60
70
74
88
94
105
112
132
138
135
109
110
122
162
154
109
147
121
129
136
58
200
148
197
0
193
0
0
0
0
0
0
0
0
0
0
0
0
0
