simulations:1000 population:240 rateOfInfect:1,9 rateOfRecovery:1 rateOfMoving:0 run:False standardDiviation:True cliquesAndMovement:True time:2018-07-07|17:14:22 kommentar:
1 0 0,08333353 0
9,16 8,733079 0,09041707 0
18,008 14,06605 0,1044172 0
24,202 19,32042 0,1228339 0
30,095 26,10706 0,1433335 0
36,826 31,50204 0,1695832 0
38,161 32,94725 0,1735832 0
43,752 38,22815 0,1971665 0
46,735 39,99924 0,206583 0
51,601 44,79305 0,2256663 0
55,312 48,26383 0,2429995 0
62,034 52,44159 0,2684997 0
63,42 54,00366 0,2734165 0
64,384 54,21505 0,2776664 0
67,832 55,89262 0,2912498 0
69,889 57,48028 0,3010001 0
78,533 61,54579 0,3354998 0
71,009 58,25528 0,3042499 0
76,693 60,68632 0,3283335 0
81,25 63,54123 0,3455833 0
