simulations:10000 population:240 rateOfInfect:2 rateOfRecovery:1 rateOfMoving:0,5 run:True standardDiviation:True cliquesAndMovement:True time:2018-07-05|13:13:08 kommentar:Väldigt_intessant_tror_jag yscaleTIBCS:0,1 yscaleMR:1
0
264
8
0
0
0
0
0
0
0
1
6
18
66
148
276
476
495
443
243
71
3
0
0
0
0
1
2
7
7
38
61
92
131
151
149
123
78
30
11
3
0
0
0
2
7
9
16
30
44
51
60
74
86
63
34
21
11
5
3
2
0
0
4
9
12
14
24
42
47
55
58
52
48
23
21
8
3
2
1
1
2
6
5
16
19
30
30
35
39
50
45
35
21
14
7
6
3
0
2
2
2
8
16
16
23
30
35
43
49
45
40
34
28
17
6
5
0
0
1
1
1
7
10
11
17
31
30
43
69
66
66
43
32
18
13
7
2
1
1
1
1
0
7
10
17
16
43
66
62
65
76
52
40
38
20
14
5
2
0
0
1
1
7
7
7
12
31
42
57
78
74
104
106
71
59
39
20
9
1
0
0
0
0
2
4
6
2
18
29
47
69
113
132
169
164
121
62
26
13
5
0
0
0
0
0
1
2
0
4
3
13
26
46
96
143
218
254
217
126
30
1
0
1
0
0
0
0
0
0
0
0
0
1
4
6
6
22
24
65
870
%
119,1315
5,2051
0,4553
0,0516
0,0079
0,0013
0,0002
0,0001
0
0
0
0
0
0
0
0
0
0
0
0
%
97,5269
14,8527
2,3259
0,373
0,0577
0,0084
0,0016
0,0007
0,0001
0
0
0
0
0
0
0
0
0
0
0
%
0
0
0
0
0
0
0
0
0
0,0002
0,001
0,0027
0,012
0,0407
0,1116
0,2466
0,4612
0,7281
0,9277
0,9837
3,9302
2,1756
1,1531
0,6341
0,3264
0,1546
0,0695
0,027
0,0087
0,0039
0,0008
0,0005
0
0,0001
0
0
0
0
0
0
0
0
0
0
0
0
0
0
0
0
0
0
0
0
0
0
0
0
0
0
0
0
0
0
0
0
0
0
0
0
0
0
0
0
0
0
0
0
0
0
0
0
0
0
0
0
0
0
0
0
0
0
0
0
0
0
0
0
0
0
0
0
0
0
0
0
0
0
0
0
0
0
0
0
0
0
0
0
0
0
0
0
0
0
0
0
0
0
0
0
0
0
0
0
0
0
0
0
0
0
0
0
0
0
0
0
0
0
0
0
0
0
0
0
0
0
0
0
0
0
0
0
0
0
0
0
0
0
0
0
0
0
0
0
0
0
0
0
0
0
0
0
0
0
0
0
0
0
0
0
0
0
0
0
0
0
0
0
0
0
0
0
0
0
0
0
0
0
0
0
0
0
0
0
0
0
0
0
0
0
0
0
0
0
0
0
0
0
0
0
0
0
0
0
0
0
0
0
0
0
%
5,8615
0,0963
0,004
0,0001
0
0
0
0
0
0,0002
0,001
0,0027
0,0122
0,0411
0,1131
0,2506
0,4675
0,7297
0,9287
0,9764
0,8817
0,6679
0,452
0,2717
0,1353
0,0637
0,0261
0,0108
0,0037
0,0018
0,0002
0
0
0
0
0
0
0
0
0
0
0
0
0
0
0
0
0
0
0
0
0
0
0
0
0
0
0
0
0
0
0
0
0
0
0
0
0
0
0
0
0
0
0
0
0
0
0
0
0
0
0
0
0
0
0
0
0
0
0
0
0
0
0
0
0
0
0
0
0
0
0
0
0
0
0
0
0
0
0
0
0
0
0
0
0
0
0
0
0
0
0
0
0
0
0
0
0
0
0
0
0
0
0
0
0
0
0
0
0
0
0
0
0
0
0
0
0
0
0
0
0
0
0
0
0
0
0
0
0
0
0
0
0
0
0
0
0
0
0
0
0
0
0
0
0
0
0
0
0
0
0
0
0
0
0
0
0
0
0
0
0
0
0
0
0
0
0
0
0
0
0
0
0
0
0
0
0
0
0
0
0
0
0
0
0
0
0
0
0
0
0
0
0
0
0
0
0
0
0
0
0
0
0
0
0
0
0
0
0
%
0
0
0
0
0
0
0
0
0
80,5
122
124,55
92,14815
103,4176
109,2233
112,5135
110,9074
111,3353
110,0222
115,0616
118,6723
123,8995
128,5216
135,8135
140,675
136,5796
140,8622
137,3717
112,4483
186,125
174
0
0
0
0
0
0
0
0
0
0
0
0
0
0
0
0
0
0
0
