simulations:5000 population:240 rateOfInfect:1 rateOfRecovery:1 rateOfMoving:3 run:False standardDiviation:True cliquesAndMovement:True time:2018-07-09|19:23:43 kommentar:cliquestorlek_10_och_edgegrej_0.8
136,1718 83,47792 0,5849484 0
120,9794 84,66499 0,5440494 22,7922
102,9768 84,91121 0,4870156 38,8326
89,541 83,13912 0,4428181 50,4328
76,5428 79,32015 0,4000535 57,052
67,6564 77,27573 0,36922 63,0442
56,824 71,28511 0,3312685 62,9604
49,0554 66,91908 0,302485 63,342
42,2254 61,18116 0,2789512 62,1762
37,5878 58,31923 0,2617506 61,933
33,7052 55,13472 0,245667 61,382
29,7768 51,60953 0,2299657 59,2612
25,8822 46,21817 0,2159646 55,8124
22,082 41,35194 0,1987969 51,375
20,4926 37,96977 0,1955135 50,6908
18,7954 36,37196 0,1861473 49,29
