simulations:100 population:240 rateOfInfect:2 rateOfRecovery:1 rateOfMoving:7,8 standardDiviation:True cliquesAndMovement:True time:2018-07-05|09:22:34 kommentar:
87,51 67,355 0,3733334 0
97,6 74,59521 0,4241666 8,74
97,1 81,13731 0,4324999 18,6
130,65 91,18673 0,5716665 37,8
118,34 93,12457 0,5308333 45,36
136,31 94,07925 0,6091668 63,51
164,02 91,1062 0,7158334 90,28
156,52 99,871 0,6841666 104,35
148,82 107,0747 0,6491667 109,73
173,95 99,56832 0,7491667 148,08
174,5 100,1617 0,7483335 164,41
146,77 110,9579 0,6391666 151,13
168,13 106,288 0,7191666 188,53
157,77 108,0767 0,6866668 190,11
153,79 110,0249 0,6674998 198,28
166,3 107,3804 0,7158334 233,71
160,85 108,6193 0,6966669 240,23
159,9 109,7698 0,6874999 251,72
172,9 104,8113 0,7433332 285,11
166,44 107,8271 0,7150001 291,51
164,39 107,0957 0,7133335 300,07
160,23 109,433 0,6958334 309,76
150,29 112,8577 0,6549999 300,14
165,93 108,6288 0,7174999 351,63
173,64 104,504 0,7458335 381,26
163,73 109,2931 0,7074999 373,85
192,11 93,46986 0,8200001 456,9
148,38 112,941 0,655 362,93
168,28 107,5793 0,7275 426,86
149,93 113,2912 0,6633333 396,67
147,03 114,4844 0,6483331 403,24
149,64 113,6398 0,6566666 422,29
153,54 113,42 0,6708332 445,29
147,56 113,8642 0,6491666 437,35
139,87 115,8977 0,6183331 423,76
149,37 113,9727 0,6566666 468,29
166,1 108,3957 0,7233333 541,9
149,05 114,3923 0,6591666 494,41
147,04 114,4796 0,6508331 498,63
151,14 114,1431 0,6674999 524,49
