simulations:1000 population:100 rateOfInfect:4 rateOfRecovery:2 rateOfMoving:1 run:True standardDiviation:True cliquesAndMovement:True time:2018-07-05|12:55:44 kommentar:
0
27
1
0
0
0
0
0
0
0
0
0
0
5
8
17
44
52
71
36
11
1
0
0
0
0
0
0
0
0
1
3
4
12
16
23
28
28
18
5
1
0
0
0
0
0
0
1
0
0
1
2
2
7
9
15
18
23
14
8
0
0
0
0
0
0
0
0
0
0
0
1
0
2
7
17
29
34
54
28
9
0
0
0
0
0
0
0
0
0
0
0
0
0
0
0
1
0
1
2
303
%
38
2
0
0
0
0
0
0
0
0
0
0
0
0
0
0
0
0
0
0
%
49
7
1
0
0
0
0
0
0
0
0
0
0
0
0
0
0
0
0
0
%
0
0
0
0
0
0
0
0
0
0
0
0
0
0
0
0
0
0
0
0
1
0
0
0
0
0
0
0
0
0
0
0
0
0
0
0
0
0
0
0
0
0
0
0
0
0
0
0
0
0
0
0
0
0
0
0
0
0
0
0
0
0
0
0
0
0
0
0
0
0
0
0
0
0
0
0
0
0
0
0
0
0
0
0
0
0
0
0
0
0
0
0
0
0
0
0
0
0
0
0
%
1
0
0
0
0
0
0
0
0
0
0
0
0
0
0
0
0
0
0
0
0
0
0
0
0
0
0
0
0
0
0
0
0
0
0
0
0
0
0
0
0
0
0
0
0
0
0
0
0
0
0
0
0
0
0
0
0
0
0
0
0
0
0
0
0
0
0
0
0
0
0
0
0
0
0
0
0
0
0
0
0
0
0
0
0
0
0
0
0
0
0
0
0
0
0
0
0
0
0
0
%
0
0
0
0
0
0
0
0
0
0
27
91
41
42
68
59
54
47
47
48
49
48
58
58
52
62
59
33
55
0
0
0
0
0
0
0
0
0
0
0
0
0
0
0
0
0
0
0
0
0
