simulations:1000 population:240 rateOfInfect:2 rateOfRecovery:1 rateOfMoving:4 run:True standardDiviation:True cliquesAndMovement:True time:2018-07-05|23:29:40 kommentar:
0
42
2
9
20
36
60
52
80
47
30
21
12
13
9
14
13
13
10
16
7
9
6
13
2
6
7
5
6
4
5
4
2
2
2
2
2
5
2
2
1
0
0
2
1
0
1
0
1
0
0
0
0
0
1
2
0
1
2
1
0
0
1
0
1
0
2
0
0
2
0
1
0
0
0
0
0
0
0
1
0
0
1
0
0
2
1
0
0
0
0
0
0
1
1
1
0
0
1
0
0
0
0
1
0
2
0
0
0
0
0
0
1
0
0
0
0
0
0
1
0
0
0
0
0
0
0
1
1
0
0
0
0
0
0
0
0
0
0
0
0
0
0
0
0
0
0
0
0
0
0
0
0
0
0
1
0
0
0
0
0
0
0
0
0
0
0
0
0
0
0
0
0
0
0
0
0
0
0
0
0
0
0
0
0
0
0
1
0
1
0
0
0
2
0
0
1
0
1
2
1
0
0
0
0
0
0
0
0
0
0
0
0
0
0
0
0
0
0
0
0
1
0
0
0
1
0
0
0
0
0
0
0
0
0
1
0
0
2
1
356
%
129,455
10,457
1,383
0,338
0,097
0,035
0,024
0,005
0,005
0,001
0,003
0,001
0,002
0,001
0
0
0
0
0
0
%
38,835
21,714
13,315
8,593
5,551
3,546
2,32
1,505
0,954
0,682
0,41
0,287
0,169
0,106
0,052
0,063
0,027
0,022
0,015
0,027
%
0
0
0
0,012
0,035
0,062
0,121
0,127
0,168
0,16
0,155
0,107
0,12
0,131
0,163
0,241
0,315
0,361
0,403
0,477
2,157
2,281
1,703
0,997
0,603
0,37
0,247
0,16
0,115
0,056
0,042
0,024
0,018
0,018
0,01
0,01
0
0,009
0,004
0,003
0,004
0,003
0,004
0
0,001
0
0
0,002
0
0
0
0
0
0,001
0
0
0
0
0
0
0
0
0
0
0
0
0
0
0
0
0
0
0
0
0
0
0
0
0
0
0
0
0
0
0
0
0
0
0
0
0
0
0
0
0
0
0
0
0
0
0
0
0
0
0
0
0
0
0
0
0
0
0
0
0
0
0
0
0
0
0
0
0
0
0
0
0
0
0
0
0
0
0
0
0
0
0
0
0
0
0
0
0
0
0
0
0
0
0
0
0
0
0
0
0
0
0
0
0
0
0
0
0
0
0
0
0
0
0
0
0
0
0
0
0
0
0
0
0
0
0
0
0
0
0
0
0
0
0
0
0
0
0
0
0
0
0
0
0
0
0
0
0
0
0
0
0
0
0
0
0
0
0
0
0
0
0
0
0
0
0
0
0
0
0
0
0
0
0
0
0
0
0
0
0
0
0
0
0
0
%
6,413
0,07
0,004
0,011
0,036
0,064
0,117
0,13
0,17
0,161
0,155
0,106
0,115
0,131
0,161
0,238
0,311
0,353
0,393
0,471
0,469
0,395
0,395
0,341
0,261
0,183
0,13
0,082
0,06
0,026
0,023
0,009
0,004
0,008
0,002
0,002
0
0
0
0
0
0
0
0
0
0
0
0
0
0
0
0
0
0
0
0
0
0
0
0
0
0
0
0
0
0
0
0
0
0
0
0
0
0
0
0
0
0
0
0
0
0
0
0
0
0
0
0
0
0
0
0
0
0
0
0
0
0
0
0
0
0
0
0
0
0
0
0
0
0
0
0
0
0
0
0
0
0
0
0
0
0
0
0
0
0
0
0
0
0
0
0
0
0
0
0
0
0
0
0
0
0
0
0
0
0
0
0
0
0
0
0
0
0
0
0
0
0
0
0
0
0
0
0
0
0
0
0
0
0
0
0
0
0
0
0
0
0
0
0
0
0
0
0
0
0
0
0
0
0
0
0
0
0
0
0
0
0
0
0
0
0
0
0
0
0
0
0
0
0
0
0
0
0
0
0
0
0
0
0
0
0
0
0
0
0
0
0
0
0
0
0
0
0
0
0
0
0
0
0
%
0
0
0
24
42,66667
35,125
42,37143
40,2653
49,85185
77,14085
97,8875
159,4127
197,1184
222,13
189,5785
206,2712
225,8756
221,6414
215,0891
207,0824
212,6483
189,4677
207
212,4208
203,8641
197,1555
185,3645
194,8219
159,6727
206,4444
190,9474
137,25
314,25
195
164,5
130,5
0
0
0
79
0
0
480
0
0
0
0
0
0
0
