simulations:10 population:240 rateOfInfect:1,75 rateOfRecovery:1 rateOfMoving:4,95 time:2018-07-04|11:11:00 kommentar:
176,2
185,6
191,5
172,5
202,3
185,6
181,3
188,6
177,9
197,9
193,1
163,2
192,2
187,2
220,3
149,4
229,3
202,7
195
151,1
239,1
234,4
149,4
191
175,8
151
162,9
216
217
158,1
126,6
99,7
173,3
168,9
214,1
178,1
194,9
236,2
123,7
170,8
237,1
188,2
175,4
136,1
206,9
162,6
240
148,7
161,6
169,7
132
217,5
150,9
240
155,6
148,3
179,2
107,9
128,5
217
151,9
125,2
185,9
107,3
193,7
101,2
172,6
170,3
125,4
193,8
193,3
149,2
124,9
170,7
77,7
147,9
171,2
124,7
124,7
78,9
104,9
77,2
240
123,4
102,1
170,7
125,9
168,4
125
148
169,7
145,8
195,4
193,8
77,9
195,2
193,8
149,9
124,7
169,9
