simulations:1000 population:240 rateOfInfect:2 rateOfRecovery:1 rateOfMoving:0,1 run:True standardDiviation:True cliquesAndMovement:True time:2018-07-05|10:25:55 kommentar:
0
19
0
0
0
0
0
0
0
0
0
0
0
0
0
1
3
10
39
116
102
1
0
0
0
0
0
0
0
0
0
0
0
0
0
0
1
10
25
47
34
1
1
0
0
0
0
0
0
0
0
0
0
0
0
4
4
14
20
27
7
1
0
0
0
0
0
0
0
0
0
0
0
1
0
4
8
13
10
16
9
0
0
0
0
0
0
0
0
0
0
0
0
0
1
1
5
10
18
12
5
0
0
0
0
0
0
0
0
0
0
0
0
2
1
2
4
15
22
11
9
0
0
0
0
0
0
0
0
0
0
0
0
0
1
4
6
16
19
17
10
0
0
0
0
0
0
0
0
0
0
0
0
1
2
1
4
10
30
21
5
0
0
0
0
0
0
0
0
0
0
0
0
0
1
2
7
9
13
19
12
4
0
0
0
0
0
0
0
0
0
0
0
0
0
0
4
4
13
20
26
3
0
0
0
0
0
0
0
0
0
0
0
0
0
0
0
1
7
16
16
0
1
0
0
0
0
0
0
0
0
0
0
0
0
0
0
0
0
0
9
147
1
0
0
0
0
0
0
0
0
0
0
0
0
0
0
0
0
0
0
88
2
0
0
0
0
0
0
0
0
0
0
0
0
0
0
0
0
0
0
0
0
0
0
0
0
0
0
0
0
0
0
0
0
0
0
0
0
0
1
7
1
0
0
0
0
0
0
0
0
0
0
0
0
0
0
0
0
0
0
0
0
0
0
0
0
0
0
0
0
0
0
0
0
0
0
0
0
0
0
0
0
0
0
0
0
0
0
0
0
0
0
0
0
0
0
0
0
0
0
0
0
0
0
0
0
0
0
0
0
0
0
0
0
0
0
0
0
0
0
0
0
0
0
0
0
0
0
0
0
0
0
0
0
0
0
0
0
0
0
0
0
0
0
0
0
0
0
0
0
0
0
0
0
0
0
0
0
0
0
0
0
0
0
0
0
0
0
0
0
0
0
0
0
0
0
0
0
0
0
0
0
0
0
0
0
0
0
0
0
0
0
0
0
0
0
0
0
0
0
0
0
0
0
0
0
0
0
0
0
0
0
0
0
0
0
0
0
0
0
0
0
0
0
0
0
0
0
0
0
0
0
0
0
0
0
0
0
0
0
0
0
0
0
0
0
0
0
0
0
0
0
0
0
0
0
0
0
0
0
7
0
0
0
0
0
0
0
0
0
0
0
0
0
0
0
0
0
0
1
1
0
0
0
0
0
0
0
0
0
0
0
0
0
0
0
0
0
0
0
0
0
0
0
0
0
0
0
0
0
0
0
0
0
0
0
0
0
0
0
0
0
0
0
0
0
0
0
0
0
0
0
0
0
0
0
0
0
0
0
0
0
0
0
0
0
0
0
0
0
0
0
0
0
0
0
0
0
0
0
0
0
0
0
0
0
0
0
0
0
0
0
0
0
0
0
0
0
0
0
0
0
0
0
0
0
0
0
0
0
0
0
0
0
0
0
0
0
0
0
0
0
0
0
0
0
0
0
0
0
0
0
0
0
0
0
0
0
0
0
0
0
0
0
0
0
0
0
0
0
0
0
0
0
0
0
0
0
0
0
0
0
0
0
0
0
0
0
0
0
0
0
0
0
0
0
0
0
0
0
0
0
0
0
0
0
0
0
0
0
0
0
0
0
0
0
0
0
0
0
0
0
0
0
0
0
0
0
0
0
0
0
0
0
0
0
0
0
0
0
0
0
0
0
0
0
0
0
0
0
0
0
0
0
0
52
106
86
97
81
73
89
113
110
129
296
0
0
0
0
0
0
0
0
0
0
0
0
0
0
0
0
0
0
0
0
0
0
0
0
