simulations:1000 population:240 rateOfInfect:2 rateOfRecovery:1 rateOfMoving:9,5 standardDiviation:True cliquesAndMovement:True time:2018-07-04|20:34:47 kommentar:
83,476 64,30759 0,3536667 0
88,201 72,97533 0,4030841 20,685
96,609 85,25536 0,4520004 45,401
93,213 92,59243 0,4431671 65,425
104,916 99,8513 0,4951673 98,365
97,079 102,3146 0,4618341 113,981
100,154 105,16 0,4770839 140,613
104,303 107,891 0,4929178 169,754
99,249 108,7421 0,4715011 183,014
94,811 108,4374 0,4585842 197,743
86,862 106,8746 0,4268343 200,34
86,913 108,0031 0,4250847 219,956
86,771 108,3606 0,4268339 238,626
83,134 106,819 0,417584 246,952
81,26 106,5778 0,4080008 261,032
80,677 106,6402 0,4084174 276,886
80,43 107,2159 0,4060008 293,348
77,759 106,4476 0,3945008 299,936
69,916 102,4505 0,3708338 284,21
71,968 104,2698 0,3746676 310,252
