simulations:1000 population:100 rateOfInfect:4 rateOfRecovery:2 rateOfMoving:4 run:True standardDiviation:True cliquesAndMovement:True time:2018-07-05|21:47:28 kommentar:
0
20
0
0
0
0
0
0
1
0
0
0
0
0
0
0
0
0
0
0
0
0
0
0
0
0
0
0
0
0
0
0
0
0
0
0
0
0
0
0
0
0
0
0
0
0
0
0
0
0
0
0
0
0
0
0
0
0
0
0
0
0
0
0
0
0
0
0
0
0
0
0
0
0
0
0
0
0
0
0
0
0
0
0
0
0
0
0
0
0
0
0
0
0
0
0
0
0
0
0
979
%
2,035
0,032
0,005
0
0
0
0
0
0
0
0
0
0
0
0
0
0
0
0
0
%
52,235
23,571
11,632
5,422
2,636
1,237
0,631
0,29
0,138
0,061
0,032
0,021
0,009
0,006
0,007
0
0
0
0
0
%
0
0
0
0
0
0
0
0
0,001
0,001
0,003
0,012
0,025
0,046
0,109
0,196
0,277
0,412
0,534
0,599
0,679
0,551
0,498
0,372
0,26
0,181
0,114
0,061
0,036
0,017
0,01
0,004
0,002
0
0
0
0
0
0
0
0
0
0
0
0
0
0
0
0
0
0
0
0
0
0
0
0
0
0
0
0
0
0
0
0
0
0
0
0
0
0
0
0
0
0
0
0
0
0
0
0
0
0
0
0
0
0
0
0
0
0
0
0
0
0
0
0
0
0
0
0
%
0,084
0,02
0
0
0
0
0
0
0,001
0,001
0,003
0,012
0,025
0,046
0,109
0,194
0,277
0,412
0,532
0,591
0,607
0,539
0,494
0,369
0,26
0,18
0,114
0,061
0,036
0,017
0,01
0,004
0,002
0
0
0
0
0
0
0
0
0
0
0
0
0
0
0
0
0
0
0
0
0
0
0
0
0
0
0
0
0
0
0
0
0
0
0
0
0
0
0
0
0
0
0
0
0
0
0
0
0
0
0
0
0
0
0
0
0
0
0
0
0
0
0
0
0
0
0
0
%
0
0
0
0
0
0
0
0
0
32
33,66667
60,36364
61,42105
40,88235
48,57647
44,15493
50,27488
47,82685
46,17632
45,82785
47,63235
45,91549
44,50888
50,70833
47,69802
52,71918
51,37363
48,19231
46,14286
38,64286
46,625
89
37
0
0
0
0
0
0
0
0
0
0
0
0
0
0
0
0
0
