simulations:100 population:240 rateOfInfect:0,1 rateOfRecovery:2 rateOfMoving:0 run:False standardDiviation:True cliquesAndMovement:True time:2018-07-07|17:12:55 kommentar:
66,98 51,11998 0,2925 0
31,84 24,93577 0,1441666 0
25,91 20,20606 0,1241666 0
20,66 16,60121 0,1149999 0
19,04 13,54821 0,1058333 0
15,08 11,92711 0,1008333 0
12,19 10,90889 0,09250003 0
11,05 11,40031 0,0925 0
10,48 10,34699 0,09083335 0
9,26 9,366413 0,09333334 0
7,91 8,030365 0,09083334 0
6,74 7,584702 0,08833334 0
6,14 6,770434 0,08583335 0
5,78 6,037894 0,08916669 0
4,91 5,778914 0,08500004 0
4,16 4,852824 0,08583337 0
4,11 4,828148 0,08500004 0
2,88 3,579629 0,0841667 0
3,62 4,651012 0,08750002 0
2,89 3,21893 0,0841667 0
