simulations:1000 population:240 rateOfInfect:1 rateOfRecovery:1 rateOfMoving:7,8 run:False standardDiviation:True cliquesAndMovement:True time:2018-07-11|10:34:05 kommentar:
58,409 50,33564 0,253916 0
61,494 57,99692 0,29125 11,51
73,746 72,7002 0,3586676 27,505
87,311 83,76456 0,4271673 48,724
96,697 93,25653 0,4653342 71,283
104,348 98,90408 0,4995009 96,971
102,015 103,2834 0,4863343 112,499
102,255 106,6378 0,4860008 133,469
111,213 109,3334 0,5197507 163,678
115,148 111,3822 0,5327509 190,345
112,573 111,9675 0,5223342 205,669
112,216 112,9534 0,5195844 225,708
113,946 113,8984 0,528084 248,7
105,282 112,714 0,4963346 246,994
98,503 112,3016 0,4685009 248,167
106,923 113,8092 0,503168 289,255
102,67 113,3648 0,4868345 297,642
94,113 111,7908 0,454418 286,606
104,524 113,7738 0,4970843 338,392
93,452 111,6072 0,4565012 318,441
92,958 111,9604 0,4520846 331,888
92,615 112,1986 0,4511677 345,608
94,324 112,3301 0,4595844 366,976
89,592 111,3762 0,4408346 365,057
87,673 110,784 0,4349178 369,808
90,182 111,5883 0,4465012 395,365
85,264 110,4976 0,4255008 388,199
82,903 109,9092 0,4150843 393,893
79,093 108,3227 0,404001 383,294
80,284 108,7504 0,4102509 406,177
79,248 108,6656 0,4051677 412,803
78,723 108,5209 0,4028341 425,176
80,845 109,3655 0,4123344 446,475
77,986 108,2496 0,4017506 443,663
80,078 109,1073 0,4099179 469,586
71,596 105,4413 0,3797508 430,826
76,091 107,9453 0,3913338 470,958
80,608 109,7316 0,4108345 510,726
72,456 106,4393 0,3786671 467,366
66,141 102,9383 0,3604173 437,289
