simulations:10000 population:5 rateOfInfect:4 rateOfRecovery:2 rateOfMoving:4 run:True standardDiviation:True cliquesAndMovement:True time:2018-07-05|20:13:20 kommentar:
0
1447
283
204
983
7083
%
0,4994
0,1427
0,0552
0,0279
0,0226
0,0162
0,0128
0,008
0,0051
0,0047
0,0033
0,0013
0,0016
0,0009
0,0007
0,0001
0,0001
0
0
0,0002
%
2,5223
0,8045
0,4186
0,2229
0,1144
0,0543
0,0274
0,0149
0,0093
0,0039
0,0016
0,0014
0,0011
0,0001
0,0003
0,0001
0,0001
0
0
0
%
0
0
0
0
0
1
%
0
0,1447
0,0283
0,0204
0,0983
0,7083
%
0
0
0
0
0
0
0
0
0
0
0
0
0
0
0
0
0
0
0
0
0
0
0
0
0
0
0
0
0
0
0
0
0
0
0
0
0
0
0
0
0
0
0
0
0
0
0
0
0
0
