simulations:1000 population:240 rateOfInfect:2 rateOfRecovery:1 rateOfMoving:0,5 run:True standardDiviation:True cliquesAndMovement:True time:2018-07-05|10:27:17 kommentar:
0
22
3
0
0
0
0
0
0
0
0
2
3
6
20
30
53
52
46
18
6
0
0
0
0
0
0
0
1
2
3
5
11
20
11
13
15
8
3
2
0
0
0
0
0
0
0
3
0
4
3
3
8
7
2
2
5
1
1
0
0
0
0
0
1
1
2
2
6
2
6
7
2
7
3
2
0
0
0
0
0
2
1
0
2
3
3
1
1
2
5
3
1
2
0
0
0
0
0
0
0
0
1
0
1
4
4
7
5
4
5
9
1
5
0
1
0
0
0
0
0
0
0
0
5
1
1
6
8
7
10
4
5
3
1
1
1
0
0
0
1
0
1
0
0
2
3
5
5
3
3
6
6
8
8
3
0
0
0
0
0
0
1
1
1
1
3
2
5
5
10
9
9
7
8
8
2
1
0
1
0
0
0
0
0
0
0
2
1
2
4
6
9
19
17
11
5
5
5
3
0
0
0
0
0
0
0
0
0
1
2
3
0
5
9
15
16
19
25
9
5
0
0
0
0
0
0
0
0
0
0
0
0
0
0
2
0
2
3
10
96
119
5
0
0
0
0
0
0
0
0
0
0
0
0
0
0
0
0
0
0
97
14
2
0
0
0
0
0
0
0
0
0
0
0
0
0
0
0
0
0
0
0
0
0
0
0
0
0
0
0
0
0
0
0
0
0
0
0
0
0
3
2
1
0
0
0
0
0
0
0
0
0
0
0
0
0
0
0
0
0
0
0
0
0
0
0
0
0
0
0
0
0
0
0
0
0
0
0
0
0
0
0
0
0
0
0
0
0
0
0
0
0
0
0
0
0
0
0
0
0
0
0
0
0
0
0
0
0
0
0
0
0
0
0
0
0
0
0
0
0
0
0
0
0
0
0
0
0
0
0
0
0
0
0
0
0
0
0
0
0
0
0
0
0
0
0
0
0
0
0
0
0
0
0
0
0
0
0
0
0
0
0
0
0
0
0
0
0
0
0
0
0
0
0
0
0
0
0
0
0
0
0
0
0
0
0
0
0
0
0
0
0
0
0
0
0
0
0
0
0
0
0
0
0
0
0
0
0
0
0
0
0
0
0
0
0
0
0
0
0
0
0
0
0
0
0
0
0
0
0
0
0
0
0
0
0
0
0
0
0
0
0
0
0
0
0
0
0
0
0
0
0
0
0
0
0
0
0
0
0
5
0
0
0
0
0
0
0
0
0
0
0
0
0
0
0
0
0
0
0
0
0
0
0
0
0
0
0
0
0
0
0
0
0
0
0
0
0
0
0
0
0
0
0
0
0
0
0
0
0
0
0
0
0
0
0
0
0
0
0
0
0
0
0
0
0
0
0
0
0
0
0
0
0
0
0
0
0
0
0
0
0
0
0
0
0
0
0
0
0
0
0
0
0
0
0
0
0
0
0
0
0
0
0
0
0
0
0
0
0
0
0
0
0
0
0
0
0
0
0
0
0
0
0
0
0
0
0
0
0
0
0
0
0
0
0
0
0
0
0
0
0
0
0
0
0
0
0
0
0
0
0
0
0
0
0
0
0
0
0
0
0
0
0
0
0
0
0
0
0
0
0
0
0
0
0
0
0
0
0
0
0
0
0
0
0
0
0
0
0
0
0
0
0
0
0
0
0
0
0
0
0
0
0
0
0
0
0
0
0
0
0
0
0
0
0
0
0
0
0
0
0
0
0
0
0
0
0
0
0
0
0
0
0
0
0
0
0
0
0
0
0
0
0
0
0
0
0
0
0
0
49
105
137
95
115
112
118
109
112
121
122
136
129
126
111
141
134
161
25
30
0
0
0
0
0
0
0
0
0
0
0
0
0
0
0
0
0
0
0
