simulations:1000 population:240 rateOfInfect:1 rateOfRecovery:1 rateOfMoving:2 run:True standardDiviation:True cliquesAndMovement:True time:2018-07-07|09:38:44 kommentar:
0
59
6
9
13
33
60
56
63
43
30
14
7
9
17
13
20
13
12
6
6
2
5
10
3
7
7
6
6
11
2
5
3
2
5
1
4
1
2
1
3
3
2
4
2
3
2
0
0
0
1
0
0
1
3
2
1
2
1
0
2
3
0
1
1
1
2
0
0
1
2
0
1
0
0
2
2
0
0
1
0
1
0
0
0
0
0
0
0
0
0
0
1
1
0
0
1
0
0
0
0
2
0
0
0
0
0
1
1
0
0
1
0
0
0
0
0
0
0
0
0
0
0
0
0
0
0
0
1
0
1
0
0
0
0
0
0
0
0
0
0
0
0
0
0
0
0
1
0
0
1
1
0
0
0
1
1
0
0
0
0
0
0
0
0
0
0
0
1
0
0
1
0
0
0
0
0
0
0
0
0
1
0
0
1
0
0
0
0
3
0
0
1
0
4
0
0
0
0
0
0
1
1
0
1
0
0
1
0
0
1
0
1
0
0
1
0
0
0
0
0
0
0
0
1
2
0
3
3
0
2
2
2
2
3
2
3
4
8
11
296
%
128,685
11,439
1,941
0,526
0,21
0,114
0,04
0,024
0,014
0,007
0,013
0,003
0,006
0,001
0,002
0,003
0,001
0,001
0
0
%
39,457
21,355
13,169
8,212
5,325
3,26
2,142
1,461
0,898
0,624
0,384
0,219
0,16
0,108
0,077
0,042
0,021
0,023
0,009
0,024
%
0
0
0,001
0,01
0,027
0,056
0,131
0,162
0,171
0,163
0,149
0,123
0,114
0,136
0,211
0,268
0,321
0,367
0,405
0,468
2,212
2,091
1,561
0,955
0,618
0,405
0,29
0,182
0,118
0,1
0,039
0,04
0,029
0,018
0,011
0,011
0,003
0,005
0,004
0,004
0,003
0,002
0,002
0
0,001
0,003
0,004
0,001
0,001
0,001
0
0,001
0,001
0
0,001
0
0
0
0
0
0
0
0
0
0
0
0
0
0
0
0
0
0
0
0
0
0
0
0
0
0
0
0
0
0
0
0
0
0
0
0
0
0
0
0
0
0
0
0
0
0
0
0
0
0
0
0
0
0
0
0
0
0
0
0
0
0
0
0
0
0
0
0
0
0
0
0
0
0
0
0
0
0
0
0
0
0
0
0
0
0
0
0
0
0
0
0
0
0
0
0
0
0
0
0
0
0
0
0
0
0
0
0
0
0
0
0
0
0
0
0
0
0
0
0
0
0
0
0
0
0
0
0
0
0
0
0
0
0
0
0
0
0
0
0
0
0
0
0
0
0
0
0
0
0
0
0
0
0
0
0
0
0
0
0
0
0
0
0
0
0
0
0
0
0
0
0
0
0
0
0
0
0
0
0
0
0
0
0
0
%
6,321
0,125
0,007
0,014
0,029
0,06
0,139
0,168
0,173
0,178
0,155
0,129
0,123
0,139
0,208
0,257
0,322
0,354
0,39
0,437
0,451
0,417
0,371
0,272
0,232
0,18
0,136
0,083
0,049
0,039
0,011
0,014
0,009
0,004
0,002
0,002
0
0
0
0
0
0
0
0
0
0
0
0
0
0
0
0
0
0
0
0
0
0
0
0
0
0
0
0
0
0
0
0
0
0
0
0
0
0
0
0
0
0
0
0
0
0
0
0
0
0
0
0
0
0
0
0
0
0
0
0
0
0
0
0
0
0
0
0
0
0
0
0
0
0
0
0
0
0
0
0
0
0
0
0
0
0
0
0
0
0
0
0
0
0
0
0
0
0
0
0
0
0
0
0
0
0
0
0
0
0
0
0
0
0
0
0
0
0
0
0
0
0
0
0
0
0
0
0
0
0
0
0
0
0
0
0
0
0
0
0
0
0
0
0
0
0
0
0
0
0
0
0
0
0
0
0
0
0
0
0
0
0
0
0
0
0
0
0
0
0
0
0
0
0
0
0
0
0
0
0
0
0
0
0
0
0
0
0
0
0
0
0
0
0
0
0
0
0
0
0
0
0
0
0
%
0
0
0
59
23,85714
45,35
47,6
42,24242
60,33333
69,51389
99,37334
151,3615
140,4302
199,3925
194,6519
214,0794
208,2651
217,1739
211,5911
196,4825
212,1914
189,6947
189,6888
201,5
186,8944
179,0135
186,1293
180,5067
190,0652
160,6
214,5
134,6154
125,5
295,4
184,5
251
0
0
376
221
0
0
0
0
0
422
0
0
476
656,5
%
0
107,5397
19
76
23,875
43,08696
46,94231
46
61,76119
64,52881
96,88755
153,1125
138,3712
196,4511
204,1593
214,9683
208,2771
223,2928
215,6389
197,0688
217,1461
196,542
196,9302
207,3248
195,8504
182,475
189,3468
184,6273
203,3452
171,6487
214,5
158,5
130,3333
363,25
184,5
251
0
0
0
0
0
0
0
0
0
0
0
0
0
0
%
0
0
0
0
0
0
0
0
0,001
0,004
0,012
0,022
0,033
0,059
0,135
0,174
0,237
0,264
0,312
0,369
0,391
0,346
0,313
0,233
0,196
0,152
0,114
0,074
0,043
0,032
0,01
0,011
0,007
0,004
0,002
0,002
0
0
0
0
0
0
0
0
0
0
0
0
0
0
0
0
0
0
0
0
0
0
0
0
0
0
0
0
0
0
0
0
0
0
0
0
0
0
0
0
0
0
0
0
0
0
0
0
0
0
0
0
0
0
0
0
0
0
0
0
0
0
0
0
0
0
0
0
0
0
0
0
0
0
0
0
0
0
0
0
0
0
0
0
0
0
0
0
0
0
0
0
0
0
0
0
0
0
0
0
0
0
0
0
0
0
0
0
0
0
0
0
0
0
0
0
0
0
0
0
0
0
0
0
0
0
0
0
0
0
0
0
0
0
0
0
0
0
0
0
0
0
0
0
0
0
0
0
0
0
0
0
0
0
0
0
0
0
0
0
0
0
0
0
0
0
0
0
0
0
0
0
0
0
0
0
0
0
0
0
0
0
0
0
0
0
0
0
0
0
0
0
0
0
0
0
0
0
0
0
0
0
0
0
%
0
0
0
0
0
0
0
0
0,001
0,004
0,012
0,022
0,033
0,059
0,135
0,174
0,237
0,264
0,312
0,369
0,391
0,346
0,313
0,233
0,196
0,152
0,114
0,074
0,043
0,032
0,01
0,011
0,007
0,004
0,002
0,002
0
0
0
0
0
0
0
0
0
0
0
0
0
0
0
0
0
0
0
0
0
0
0
0
0
0
0
0
0
0
0
0
0
0
0
0
0
0
0
0
0
0
0
0
0
0
0
0
0
0
0
0
0
0
0
0
0
0
0
0
0
0
0
0
0
0
0
0
0
0
0
0
0
0
0
0
0
0
0
0
0
0
0
0
0
0
0
0
0
0
0
0
0
0
0
0
0
0
0
0
0
0
0
0
0
0
0
0
0
0
0
0
0
0
0
0
0
0
0
0
0
0
0
0
0
0
0
0
0
0
0
0
0
0
0
0
0
0
0
0
0
0
0
0
0
0
0
0
0
0
0
0
0
0
0
0
0
0
0
0
0
0
0
0
0
0
0
0
0
0
0
0
0
0
0
0
0
0
0
0
0
0
0
0
0
0
0
0
0
0
0
0
0
0
0
0
0
0
0
0
0
0
0
0
%
0
0
0,001
0,009
0,02
0,035
0,079
0,092
0,101
0,087
0,064
0,03
0,022
0,015
0,019
0,032
0,032
0,032
0,042
0,053
0,052
0,041
0,035
0,022
0,027
0,018
0,017
0,008
0,003
0,003
0,001
0,005
0,001
0,001
0
0,001
0
0
0
0
0
0
0
0
0
0
0
0
0
0
0
0
0
0
0
0
0
0
0
0
0
0
0
0
0
0
0
0
0
0
0
0
0
0
0
0
0
0
0
0
0
0
0
0
0
0
0
0
0
0
0
0
0
0
0
0
0
0
0
0
0
0
0
0
0
0
0
0
0
0
0
0
0
0
0
0
0
0
0
0
0
0
0
0
0
0
0
0
0
0
0
0
0
0
0
0
0
0
0
0
0
0
0
0
0
0
0
0
0
0
0
0
0
0
0
0
0
0
0
0
0
0
0
0
0
0
0
0
0
0
0
0
0
0
0
0
0
0
0
0
0
0
0
0
0
0
0
0
0
0
0
0
0
0
0
0
0
0
0
0
0
0
0
0
0
0
0
0
0
0
0
0
0
0
0
0
0
0
0
0
0
0
0
0
0
0
0
0
0
0
0
0
0
0
0
0
0
0
0
0
