simulations:1000 population:100 rateOfInfect:0,3 rateOfRecovery:2 rateOfMoving:4 run:True standardDiviation:True cliquesAndMovement:True time:2018-07-05|20:53:19 kommentar:
0
377
159
109
105
69
22
31
23
15
14
9
4
8
5
3
6
1
1
3
1
2
0
3
2
1
1
2
0
1
1
1
0
0
0
0
0
1
0
0
2
0
0
0
0
0
0
0
0
1
0
0
1
0
0
0
0
0
0
0
0
0
1
0
0
0
0
0
0
0
0
0
0
0
0
0
0
1
0
0
0
1
0
3
1
0
1
1
0
0
1
0
0
2
0
2
2
0
0
0
0
%
75,496
13,405
3,528
1,184
0,513
0,229
0,114
0,088
0,05
0,026
0,023
0,022
0,014
0,01
0,01
0,008
0,009
0,012
0,016
0,118
%
2,932
0,658
0,36
0,183
0,127
0,107
0,105
0,09
0,081
0,047
0,071
0,053
0,048
0,028
0,03
0,03
0,014
0,028
0,018
0,115
%
0
0,032
0,102
0,178
0,174
0,137
0,098
0,069
0,053
0,059
0,043
0,043
0,051
0,048
0,032
0,039
0,053
0,043
0,057
0,046
0,512
0,451
0,442
0,462
0,47
0,31
0,256
0,149
0,117
0,077
0,074
0,055
0,046
0,039
0,034
0,026
0,019
0,014
0,02
0,008
0,009
0,005
0,008
0,009
0,003
0,007
0,001
0,004
0
0,001
0
0,004
0
0,002
0,001
0
0,001
0,001
0,001
0
0,001
0
0,002
0
0
0,001
0
0,001
0
0
0
0
0
0
0
0
0
0
0
0
0
0
0
0
0
0
0
0
0
0
0
0
0
0
0
0
0
0
0
0
0
%
3,469
0,566
0,287
0,229
0,187
0,085
0,038
0,025
0,008
0,013
0,003
0,007
0,011
0,006
0,004
0,01
0,008
0,009
0,006
0,006
0,006
0,004
0,005
0,003
0,002
0
0,001
0
0
0,002
0
0
0
0
0
0
0
0
0
0
0
0
0
0
0
0
0
0
0
0
0
0
0
0
0
0
0
0
0
0
0
0
0
0
0
0
0
0
0
0
0
0
0
0
0
0
0
0
0
0
0
0
0
0
0
0
0
0
0
0
0
0
0
0
0
0
0
0
0
0
0
%
0
0
0
0
0
0
0
0
0
0
0
0
0
0
0
0
0
0
0
0
0
0
0
0
0
0
0
0
0
0
0
0
0
0
0
0
0
0
0
0
0
0
0
0
0
0
0
0
0
0
