simulations:1000 population:240 rateOfInfect:1,9 rateOfRecovery:1 rateOfMoving:0,6 run:False standardDiviation:True cliquesAndMovement:True time:2018-07-07|17:17:45 kommentar:
1 0 0,08333353 7,598
2,777 2,133032 0,08816693 10,673
5,856 5,121277 0,1001671 13,659
9,819 10,42425 0,1199172 16,519
15,612 20,73806 0,1452501 20,893
21,192 29,64974 0,1669165 23,091
26,863 34,80483 0,1893329 24,804
30,841 38,78063 0,1997494 24,022
39,424 48,39185 0,2347496 27,543
48,359 55,23191 0,2702494 30,117
50,973 57,95996 0,2759165 28,208
54,326 59,83922 0,2869998 27,673
67,103 67,21564 0,3380004 31,208
69,556 68,14787 0,3463338 30,308
71,05 68,90128 0,3494168 28,845
76,465 73,59801 0,3650837 28,662
75,297 70,53008 0,3610003 26,254
82,791 74,74335 0,3891673 27,574
82,46 77,35426 0,3850007 25,923
89,058 75,46378 0,4123341 26,571
