simulations:10000 population:4 rateOfInfect:4 rateOfRecovery:2 rateOfMoving:4 run:True standardDiviation:True cliquesAndMovement:True time:2018-07-05|21:30:25 kommentar:
0
1389
347
394
7870
%
0,3566
0,1061
0,0361
0,0129
0,0072
0,0029
0,0017
0,001
0,0002
0,0005
0,0002
0
0
0,0001
0
0
0
0
0
0
%
2,319
0,6103
0,283
0,1393
0,0641
0,0324
0,015
0,006
0,0028
0,0015
0,0006
0,0002
0,0003
0
0
0
0
0
0
0
%
0
0
0
0
1
%
0
0,1389
0,0347
0,0394
0,787
%
0
0
0
0
0
0
0
0
0
0
0
0
0
0
0
0
0
0
0
0
0
0
0
0
0
0
0
0
0
0
0
0
0
0
0
0
0
0
0
0
0
0
0
0
0
0
0
0
0
0
