simulations:2000 population:240 rateOfInfect:12 rateOfRecovery:1 rateOfMoving:1,2 run:False standardDiviation:True cliquesAndMovement:True time:2018-07-07|17:25:05 kommentar:
1 0 0,08333293 10,965
13,3805 21,47459 0,1479165 27,783
50,285 68,88635 0,2947082 55,653
80,6895 84,70081 0,4025407 60,29
97,028 86,80827 0,4597495 54,994
107,6115 89,5281 0,4933738 48,844
116,151 89,32834 0,5229569 43,87
119,592 87,50024 0,5327076 39,1935
122,9805 86,92167 0,5440825 35,157
125,738 86,13478 0,5532497 31,904
131,1875 85,28191 0,5729584 29,865
130,5765 85,89655 0,5676662 27,348
132,1425 83,32135 0,5728332 24,763
135,4135 83,84785 0,5849164 23,7335
133,7235 83,29874 0,5769172 21,6405
135,2725 81,86948 0,5832494 20,5515
134,668 82,37463 0,5783334 19,1325
133,7985 82,88554 0,5748754 18,153
138,121 81,29305 0,591292 17,4125
137,802 79,87251 0,5894162 16,48
139,9905 80,0962 0,597791 15,907
138,9835 81,04725 0,5926667 15,0425
138,8405 81,6703 0,5911245 14,3755
140,372 80,4043 0,5977085 13,726
141,543 80,28458 0,6017496 13,5565
