simulations:1000 population:240 rateOfInfect:1 rateOfRecovery:1 rateOfMoving:7,8 run:False standardDiviation:True cliquesAndMovement:True time:2018-07-11|10:12:12 kommentar:
235,459 32,64578 0,982583 0
233,548 38,75127 0,9752498 23,032
234,503 35,84475 0,9789166 46,245
234,982 34,27902 0,9808332 69,709
233,548 38,75127 0,9753333 91,975
232,591 41,4435 0,9715829 114,789
234,981 34,28599 0,9807499 138,697
234,742 35,07469 0,9798331 161,751
232,831 40,78494 0,9725831 182,802
232,353 42,07977 0,9706666 205,522
232,591 41,44354 0,9715829 228,593
232,591 41,4435 0,9715831 251,883
232,594 41,42706 0,9716665 274,784
232,593 41,4326 0,9716666 295,537
231,875 43,32996 0,9688331 320,445
233,071 40,11413 0,9734997 342,13
231,874 43,33538 0,9688331 363,58
234,504 35,83828 0,9789999 391,623
233,069 40,12577 0,9734164 411,429
234,025 37,3326 0,9770832 436,623
233,788 38,04008 0,9761664 457,442
234,025 37,33255 0,9770832 478,981
234,504 35,83836 0,9789999 506,213
233,547 38,75719 0,9752498 524,927
233,547 38,75717 0,9752498 548,417
232,591 41,44348 0,9715831 567,394
232,83 40,79064 0,9724998 588,46
233,309 39,44218 0,9743331 613,659
234,503 35,84468 0,9789165 638,108
233,071 40,11415 0,973583 656,511
232,353 42,07972 0,9707497 675,136
234,982 34,2791 0,9807497 709,181
231,874 43,33536 0,968833 718,255
233,07 40,11982 0,9734164 745,774
232,353 42,07977 0,9706665 765,555
232,113 42,71568 0,9697497 785,836
233,308 39,44823 0,974333 814,141
232,355 42,06875 0,9708331 832,16
233,073 40,10282 0,9735832 857,672
232,115 42,70449 0,9697497 877,204
