simulations:1000 population:240 rateOfInfect:1 rateOfRecovery:4 rateOfMoving:5 run:False standardDiviation:True cliquesAndMovement:True time:2018-07-07|16:41:15 kommentar:
104,226 115,2074 0,4909178 477,304
76,56 106,4759 0,394084 347,739
57,132 95,20512 0,3245834 257,216
43,63 84,19541 0,2749996 196,063
30,454 69,01189 0,2261662 134,006
22,872 57,22496 0,2002495 99,568
19,963 51,93054 0,1856661 87,053
13,351 36,96404 0,1592499 56,475
10,614 29,34138 0,1438336 43,072
9,385 25,10354 0,1380836 38,243
7,187 15,28907 0,1280006 29,228
6,27 7,6848 0,1180839 23,913
6,108 9,080122 0,1175006 23,421
5,904 8,67272 0,1157505 23,03
5,955 7,15417 0,1151672 22,182
5,461 6,308429 0,1105839 20,824
5,149 5,016773 0,1085838 19,361
5,348 7,787018 0,1074172 19,735
4,93 4,235456 0,1058338 18,7
4,69 4,702768 0,1038339 18,037
