simulations:1000 population:240 rateOfInfect:1,9 rateOfRecovery:1 rateOfMoving:0,4 run:False standardDiviation:True cliquesAndMovement:True time:2018-07-07|17:16:35 kommentar:
1 0 0,08333353 5,586
3,372 2,707574 0,08908364 9,096
7,46 6,400415 0,1042505 12,532
12,483 12,48164 0,1220005 14,692
17,8 18,66092 0,1432502 16,116
23,095 26,36517 0,1617499 16,938
30,532 36,51608 0,190083 18,795
36,004 40,54949 0,2113329 19,26
41,992 46,39133 0,2332495 19,693
46,966 49,36589 0,250166 19,389
51,435 54,98586 0,2635829 19,315
59,008 60,03996 0,2935833 20,331
62,864 60,80051 0,3095832 19,725
68,319 65,15596 0,326667 19,806
70,385 66,46847 0,3338335 19,161
73,836 66,12064 0,3475837 18,778
76,715 67,79387 0,3562502 18,162
80,15 69,51761 0,3688339 18,057
83,809 68,53256 0,384917 17,764
88,117 72,45847 0,3991671 17,448
