simulations:400 population:240 rateOfInfect:8 rateOfRecovery:1 rateOfMoving:3,8 standardDiviation:True time:2018-07-04|15:01:19 kommentar:INterestingResult
19,905 1,341821
21,4125 6,329891
22,425 9,267366
23,785 12,5142
25,845 16,14567
27,7125 18,82368
28,03 19,59871
31,7225 28,24793
36,4575 30,00314
37,5775 34,27868
38,665 35,7119
40,22 37,85816
44,0725 42,69148
49,445 48,98051
43,7075 46,93377
58,4525 62,44047
61,2875 62,18709
61,865 65,6636
61,0825 64,95269
77,525 75,11493
