simulations:10000 population:5 rateOfInfect:4 rateOfRecovery:2 rateOfMoving:4 run:True standardDiviation:True cliquesAndMovement:True time:2018-07-05|20:15:14 kommentar:
0
1387
263
220
995
7135
%
0,4687
0,1467
0,0581
0,0287
0,0189
0,0151
0,0089
0,0073
0,0073
0,0054
0,0044
0,0029
0,0016
0,0012
0,0009
0,0002
0,0002
0,0003
0,0003
0,0001
%
2,5354
0,8166
0,417
0,2184
0,1188
0,0592
0,0285
0,0152
0,0064
0,0029
0,0021
0,0015
0,0004
0,0002
0
0
0,0001
0,0001
0
0
%
0
0
0
0
0
1
%
0
0,1387
0,0263
0,022
0,0995
0,7135
%
0
0
0
0
0
0
0
0
0
0
0
0
0
0
0
0
0
0
0
0
0
0
0
0
0
0
0
0
0
0
0
0
0
0
0
0
0
0
0
0
0
0
0
0
0
0
0
0
0
0
