simulations:10000 population:5 rateOfInfect:4 rateOfRecovery:2 rateOfMoving:4 run:True standardDiviation:True cliquesAndMovement:True time:2018-07-05|20:13:21 kommentar:
0
1350
277
204
960
7209
%
0,4692
0,1383
0,0497
0,0293
0,0183
0,0156
0,0123
0,0083
0,0061
0,0036
0,0032
0,0015
0,0019
0,0012
0,0003
0,0003
0,0003
0,0001
0,0001
0,0003
%
2,5493
0,8133
0,4318
0,2144
0,1125
0,0559
0,031
0,015
0,0085
0,0044
0,0016
0,0014
0,0007
0
0
0,0002
0,0001
0
0
0
%
0
0
0
0
0
1
%
0
0,135
0,0277
0,0204
0,096
0,7209
%
0
0
0
0
0
0
0
0
0
0
0
0
0
0
0
0
0
0
0
0
0
0
0
0
0
0
0
0
0
0
0
0
0
0
0
0
0
0
0
0
0
0
0
0
0
0
0
0
0
0
