simulations:100 population:240 rateOfInfect:2 rateOfRecovery:1 rateOfMoving:3,8 standardDiviation:True cliquesAndMovement:True time:2018-07-05|09:09:58 kommentar:
77,06 60,39446 0,3258334 0
100,05 76,21902 0,4349999 9,18
122,58 77,41547 0,5383332 23,51
109,74 89,21653 0,4899999 30,67
134,43 93,78259 0,6008333 51,22
146,47 95,96988 0,6416666 68,4
149,05 98,67672 0,6533334 84,35
145,11 102,9524 0,6383332 94,39
167,25 102,0365 0,7199998 127,18
153,33 102,8551 0,6725 128,53
160,46 106,4743 0,6933332 148,45
173,18 100,5992 0,7458332 176,67
160,46 107,9297 0,6949999 179,5
161,15 108,0366 0,6966665 193,06
158,04 109,0247 0,685 201,6
160,43 109,084 0,6924999 218,85
159,31 108,5574 0,6891665 234,54
174,73 103,7721 0,7474999 276,51
165,13 107,3657 0,7141666 273,99
157,3 110,9255 0,685 279,08
