simulations:1000 population:240 rateOfInfect:1 rateOfRecovery:1 rateOfMoving:2 run:True standardDiviation:True cliquesAndMovement:True time:2018-07-07|09:39:14 kommentar:
0
64
6
4
20
30
53
56
51
27
28
21
10
14
12
15
17
14
13
6
6
8
5
4
4
3
3
11
8
3
4
2
4
1
3
5
3
2
0
5
0
1
2
2
0
2
2
3
1
3
0
1
1
2
1
0
2
0
0
2
1
2
2
2
0
0
1
1
0
0
0
0
0
3
0
0
0
0
0
0
0
1
1
0
1
0
0
1
0
0
0
0
0
0
0
0
0
0
1
2
1
0
0
0
0
0
0
0
0
0
1
0
0
0
0
0
1
0
0
0
0
0
0
1
1
0
0
0
0
0
0
0
2
0
0
0
1
0
0
0
0
0
0
1
0
0
0
0
0
0
0
0
0
0
1
0
0
1
0
0
1
0
1
0
0
0
0
0
0
0
0
1
0
0
0
0
0
0
0
0
1
0
0
1
1
0
0
1
1
0
1
1
2
0
0
0
0
0
0
0
0
0
0
0
1
0
0
0
0
0
0
1
0
0
1
1
0
1
1
0
0
2
1
1
1
0
1
4
1
2
2
0
1
0
3
1
2
5
8
22
325
%
121,683
10,698
1,691
0,513
0,177
0,095
0,049
0,042
0,029
0,006
0,006
0,005
0,005
0
0,004
0,002
0,001
0,002
0,001
0,003
%
41,637
23,293
14,431
9,017
5,931
3,7
2,496
1,593
1,035
0,663
0,415
0,288
0,168
0,122
0,065
0,049
0,023
0,027
0,013
0,022
%
0
0
0,002
0,008
0,027
0,064
0,109
0,161
0,157
0,152
0,12
0,129
0,134
0,132
0,221
0,258
0,316
0,393
0,468
0,517
2,251
2,002
1,527
1,005
0,582
0,436
0,277
0,173
0,111
0,08
0,05
0,038
0,021
0,017
0,011
0,007
0,008
0,009
0,006
0,003
0,002
0,004
0,002
0,001
0
0,002
0,001
0,001
0,001
0
0,001
0,001
0
0,001
0
0
0,001
0
0
0
0
0
0
0
0
0
0
0
0
0
0
0
0
0
0
0
0
0
0
0
0
0
0
0
0
0
0
0
0
0
0
0
0
0
0
0
0
0
0
0
0
0
0
0
0
0
0
0
0
0
0
0
0
0
0
0
0
0
0
0
0
0
0
0
0
0
0
0
0
0
0
0
0
0
0
0
0
0
0
0
0
0
0
0
0
0
0
0
0
0
0
0
0
0
0
0
0
0
0
0
0
0
0
0
0
0
0
0
0
0
0
0
0
0
0
0
0
0
0
0
0
0
0
0
0
0
0
0
0
0
0
0
0
0
0
0
0
0
0
0
0
0
0
0
0
0
0
0
0
0
0
0
0
0
0
0
0
0
0
0
0
0
0
0
0
0
0
0
0
0
0
0
0
0
0
0
0
0
0
0
%
5,984
0,111
0,012
0,008
0,029
0,073
0,112
0,167
0,165
0,159
0,127
0,13
0,126
0,139
0,22
0,255
0,32
0,388
0,447
0,479
0,533
0,458
0,387
0,356
0,247
0,211
0,139
0,09
0,054
0,032
0,021
0,012
0,002
0,003
0,003
0,001
0
0
0
0
0
0
0
0
0
0
0
0
0
0
0
0
0
0
0
0
0
0
0
0
0
0
0
0
0
0
0
0
0
0
0
0
0
0
0
0
0
0
0
0
0
0
0
0
0
0
0
0
0
0
0
0
0
0
0
0
0
0
0
0
0
0
0
0
0
0
0
0
0
0
0
0
0
0
0
0
0
0
0
0
0
0
0
0
0
0
0
0
0
0
0
0
0
0
0
0
0
0
0
0
0
0
0
0
0
0
0
0
0
0
0
0
0
0
0
0
0
0
0
0
0
0
0
0
0
0
0
0
0
0
0
0
0
0
0
0
0
0
0
0
0
0
0
0
0
0
0
0
0
0
0
0
0
0
0
0
0
0
0
0
0
0
0
0
0
0
0
0
0
0
0
0
0
0
0
0
0
0
0
0
0
0
0
0
0
0
0
0
0
0
0
0
0
0
0
0
0
0
0
0
%
0
0
0
23
26
62,4
50,21429
41,4
50,06154
63,26829
96,42593
146,5
195,0632
219,07
200,7346
210,1323
219,0724
222,9524
196,4879
197,1348
203,3828
200,2464
205,3781
181,0084
166,2988
198,9085
208,1026
186,9405
158,9111
157,3103
118,2222
182,3
250,4
146,6667
183
155
708
88,5
0
0
0
546
0
0
0
295
0
0
0
0
%
0
100,5326
134,1667
24
40,57143
58,84783
47,125
41,23649
45,48309
61,13258
91,52605
153,6333
194,5398
224,9
201,2381
210,6034
214,9582
225,731
196,7741
202,5824
206,2094
203,7099
210,8323
186,7383
172,066
198,8323
214,6515
192,4684
157,9456
165,54
118,2222
196,25
350,5
180
261,5
155
0
0
0
0
0
0
0
0
0
0
0
0
0
0
%
0
0
0
0
0
0,001
0
0,001
0,002
0,005
0,007
0,027
0,046
0,063
0,136
0,166
0,243
0,301
0,364
0,398
0,439
0,391
0,322
0,307
0,203
0,176
0,12
0,077
0,041
0,03
0,018
0,01
0,001
0,002
0,002
0,001
0
0
0
0
0
0
0
0
0
0
0
0
0
0
0
0
0
0
0
0
0
0
0
0
0
0
0
0
0
0
0
0
0
0
0
0
0
0
0
0
0
0
0
0
0
0
0
0
0
0
0
0
0
0
0
0
0
0
0
0
0
0
0
0
0
0
0
0
0
0
0
0
0
0
0
0
0
0
0
0
0
0
0
0
0
0
0
0
0
0
0
0
0
0
0
0
0
0
0
0
0
0
0
0
0
0
0
0
0
0
0
0
0
0
0
0
0
0
0
0
0
0
0
0
0
0
0
0
0
0
0
0
0
0
0
0
0
0
0
0
0
0
0
0
0
0
0
0
0
0
0
0
0
0
0
0
0
0
0
0
0
0
0
0
0
0
0
0
0
0
0
0
0
0
0
0
0
0
0
0
0
0
0
0
0
0
0
0
0
0
0
0
0
0
0
0
0
0
0
0
0
0
0
0
%
0
0
0
0
0
0,001
0
0,001
0,002
0,005
0,007
0,027
0,046
0,063
0,136
0,166
0,243
0,301
0,364
0,398
0,439
0,391
0,322
0,307
0,203
0,176
0,12
0,077
0,041
0,03
0,018
0,01
0,001
0,002
0,002
0,001
0
0
0
0
0
0
0
0
0
0
0
0
0
0
0
0
0
0
0
0
0
0
0
0
0
0
0
0
0
0
0
0
0
0
0
0
0
0
0
0
0
0
0
0
0
0
0
0
0
0
0
0
0
0
0
0
0
0
0
0
0
0
0
0
0
0
0
0
0
0
0
0
0
0
0
0
0
0
0
0
0
0
0
0
0
0
0
0
0
0
0
0
0
0
0
0
0
0
0
0
0
0
0
0
0
0
0
0
0
0
0
0
0
0
0
0
0
0
0
0
0
0
0
0
0
0
0
0
0
0
0
0
0
0
0
0
0
0
0
0
0
0
0
0
0
0
0
0
0
0
0
0
0
0
0
0
0
0
0
0
0
0
0
0
0
0
0
0
0
0
0
0
0
0
0
0
0
0
0
0
0
0
0
0
0
0
0
0
0
0
0
0
0
0
0
0
0
0
0
0
0
0
0
0
%
0
0
0,002
0,006
0,021
0,043
0,079
0,083
0,087
0,06
0,057
0,031
0,024
0,022
0,034
0,023
0,022
0,028
0,049
0,061
0,064
0,037
0,035
0,038
0,035
0,019
0,01
0,007
0,007
0,006
0,004
0,003
0
0,001
0,001
0
0
0
0
0
0
0,001
0
0
0
0
0
0
0
0
0
0
0
0
0
0
0
0
0
0
0
0
0
0
0
0
0
0
0
0
0
0
0
0
0
0
0
0
0
0
0
0
0
0
0
0
0
0
0
0
0
0
0
0
0
0
0
0
0
0
0
0
0
0
0
0
0
0
0
0
0
0
0
0
0
0
0
0
0
0
0
0
0
0
0
0
0
0
0
0
0
0
0
0
0
0
0
0
0
0
0
0
0
0
0
0
0
0
0
0
0
0
0
0
0
0
0
0
0
0
0
0
0
0
0
0
0
0
0
0
0
0
0
0
0
0
0
0
0
0
0
0
0
0
0
0
0
0
0
0
0
0
0
0
0
0
0
0
0
0
0
0
0
0
0
0
0
0
0
0
0
0
0
0
0
0
0
0
0
0
0
0
0
0
0
0
0
0
0
0
0
0
0
0
0
0
0
0
0
0
