simulations:10000 population:5 rateOfInfect:4 rateOfRecovery:2 rateOfMoving:4 run:True standardDiviation:True cliquesAndMovement:True time:2018-07-05|20:15:52 kommentar:
0
1414
290
201
978
7117
%
0,5041
0,1374
0,0489
0,0285
0,0204
0,0123
0,0109
0,0074
0,0062
0,0049
0,0033
0,0019
0,0009
0,0013
0,0009
0,0003
0,0004
0,0001
0,0001
0,0004
%
2,5395
0,7955
0,4159
0,2203
0,1179
0,0595
0,0316
0,0145
0,0081
0,0031
0,0017
0,0011
0,0005
0
0,0001
0,0001
0
0
0
0
%
0
0
0
0
0
1
%
0
0,1414
0,029
0,0201
0,0978
0,7117
%
0
0
0
0
0
0
0
0
0
0
0
0
0
0
0
0
0
0
0
0
0
0
0
0
0
0
0
0
0
0
0
0
0
0
0
0
0
0
0
0
0
0
0
0
0
0
0
0
0
0
