simulations:1000 population:240 rateOfInfect:0,7 rateOfRecovery:1 rateOfMoving:0,9 run:False standardDiviation:True cliquesAndMovement:True time:2018-07-07|09:41:10 kommentar:
102,235 76,46478 0,4494169 0
96,505 76,85795 0,4435838 13,147
94,244 78,2233 0,4495007 25,466
90,015 81,32445 0,4412504 35,864
84,771 82,43791 0,4264173 45,292
80,217 82,96082 0,4115003 53,645
82,978 84,92234 0,431584 66,103
83,311 86,91474 0,4353339 76,723
77,193 87,26118 0,4110005 81,867
71,375 85,15659 0,3897502 84,337
