simulations:1000 population:240 rateOfInfect:1 rateOfRecovery:1 rateOfMoving:2 run:True standardDiviation:True cliquesAndMovement:True time:2018-07-05|23:18:20 kommentar:
0
56
2
13
18
53
58
80
74
84
35
34
12
8
13
17
20
26
21
12
7
7
3
7
12
11
7
9
6
5
7
5
6
8
2
4
2
3
5
4
10
4
4
1
1
5
4
1
1
3
4
2
2
2
0
2
2
1
3
4
1
0
0
0
1
0
4
0
2
1
0
2
0
3
4
3
2
1
2
0
1
0
1
1
0
1
0
1
0
0
0
1
0
0
0
2
0
0
1
0
0
1
0
1
0
0
1
0
0
0
0
0
0
0
0
0
2
0
0
0
0
0
0
0
0
0
0
1
0
0
0
1
0
1
1
1
0
0
0
0
1
2
0
0
1
0
0
1
0
0
0
0
0
0
0
0
0
0
0
0
1
1
0
1
0
0
1
0
0
0
0
0
0
1
0
0
0
0
0
0
1
0
0
1
0
1
0
1
0
0
1
0
0
0
4
0
3
0
0
0
0
0
0
1
0
0
1
0
0
0
0
0
0
0
0
0
0
0
0
0
0
0
2
1
0
2
0
2
2
0
4
1
1
3
0
1
3
2
1
8
86
%
172,306
15,815
2,663
0,774
0,262
0,13
0,063
0,029
0,016
0,01
0,002
0,002
0,003
0,003
0
0,001
0
0
0
0
%
23,815
10,166
5,337
3,204
2,023
1,236
0,777
0,489
0,327
0,198
0,123
0,077
0,058
0,034
0,024
0,011
0,008
0,007
0,002
0,005
%
0
0
0
0,012
0,034
0,089
0,143
0,218
0,215
0,252
0,192
0,191
0,146
0,116
0,133
0,131
0,147
0,162
0,191
0,19
2,383
2,423
1,749
1,027
0,627
0,368
0,26
0,17
0,118
0,081
0,041
0,047
0,034
0,022
0,021
0,014
0,011
0,007
0,007
0,003
0,005
0,004
0,001
0,002
0,001
0,003
0,003
0
0,001
0,001
0,001
0,002
0
0
0
0,001
0
0
0
0
0
0
0
0
0
0
0
0
0
0
0
0
0
0
0
0
0
0
0
0
0
0
0
0
0
0
0
0
0
0
0
0
0
0
0
0
0
0
0
0
0
0
0
0
0
0
0
0
0
0
0
0
0
0
0
0
0
0
0
0
0
0
0
0
0
0
0
0
0
0
0
0
0
0
0
0
0
0
0
0
0
0
0
0
0
0
0
0
0
0
0
0
0
0
0
0
0
0
0
0
0
0
0
0
0
0
0
0
0
0
0
0
0
0
0
0
0
0
0
0
0
0
0
0
0
0
0
0
0
0
0
0
0
0
0
0
0
0
0
0
0
0
0
0
0
0
0
0
0
0
0
0
0
0
0
0
0
0
0
0
0
0
0
0
0
0
0
0
0
0
0
0
0
0
0
0
0
0
0
0
%
8,513
0,115
0,008
0,015
0,038
0,1
0,14
0,236
0,226
0,259
0,202
0,2
0,149
0,121
0,118
0,125
0,143
0,148
0,178
0,171
0,166
0,145
0,119
0,1
0,089
0,055
0,054
0,024
0,02
0,011
0,006
0,002
0,002
0,002
0
0
0
0
0
0
0
0
0
0
0
0
0
0
0
0
0
0
0
0
0
0
0
0
0
0
0
0
0
0
0
0
0
0
0
0
0
0
0
0
0
0
0
0
0
0
0
0
0
0
0
0
0
0
0
0
0
0
0
0
0
0
0
0
0
0
0
0
0
0
0
0
0
0
0
0
0
0
0
0
0
0
0
0
0
0
0
0
0
0
0
0
0
0
0
0
0
0
0
0
0
0
0
0
0
0
0
0
0
0
0
0
0
0
0
0
0
0
0
0
0
0
0
0
0
0
0
0
0
0
0
0
0
0
0
0
0
0
0
0
0
0
0
0
0
0
0
0
0
0
0
0
0
0
0
0
0
0
0
0
0
0
0
0
0
0
0
0
0
0
0
0
0
0
0
0
0
0
0
0
0
0
0
0
0
0
0
0
0
0
0
0
0
0
0
0
0
0
0
0
0
0
0
0
0
0
%
0
0
0
0
0
0
0
0
0
0
0
0
0
0
0
0
0
0
0
0
0
0
0
0
0
0
0
0
0
0
0
0
0
0
0
0
0
0
0
0
0
0
0
0
0
0
0
0
0
0
