simulations:1000 population:100 rateOfInfect:1 rateOfRecovery:2 rateOfMoving:2 run:True standardDiviation:True cliquesAndMovement:True time:2018-07-05|12:56:58 kommentar:
0
99
22
2
16
29
40
70
75
67
49
41
21
11
6
8
6
7
14
13
15
9
10
5
6
9
4
6
1
4
3
1
7
6
4
4
8
9
8
5
7
0
1
4
0
0
0
0
0
1
0
2
2
2
0
2
2
1
4
7
6
3
4
0
4
1
1
0
0
1
0
0
0
0
0
0
1
0
0
0
0
1
1
1
0
1
0
1
1
2
1
0
1
4
2
1
3
7
18
23
156
%
55
8
1
0
0
0
0
0
0
0
0
0
0
0
0
0
0
0
0
0
%
15
7
4
2
1
0
0
0
0
0
0
0
0
0
0
0
0
0
0
0
%
0
0
0
0
0
0
0
0
0
0
0
0
0
0
0
0
0
0
0
0
0
0
0
0
0
0
0
0
0
0
0
0
0
0
0
0
0
0
0
0
0
0
0
0
0
0
0
0
0
0
0
0
0
0
0
0
0
0
0
0
0
0
0
0
0
0
0
0
0
0
0
0
0
0
0
0
0
0
0
0
0
0
0
0
0
0
0
0
0
0
0
0
0
0
0
0
0
0
0
0
%
2
0
0
0
0
0
0
0
0
0
0
0
0
0
0
0
0
0
0
0
0
0
0
0
0
0
0
0
0
0
0
0
0
0
0
0
0
0
0
0
0
0
0
0
0
0
0
0
0
0
0
0
0
0
0
0
0
0
0
0
0
0
0
0
0
0
0
0
0
0
0
0
0
0
0
0
0
0
0
0
0
0
0
0
0
0
0
0
0
0
0
0
0
0
0
0
0
0
0
0
%
0
0
0
0
41
0
25
35
38
37
42
50
47
54
74
72
84
83
66
81
71
63
73
72
86
78
62
72
58
76
70
122
68
77
110
19
23
0
0
102
205
0
78
0
0
0
0
0
0
0
