simulations:100 population:100 rateOfInfect:4 rateOfRecovery:2 rateOfMoving:4 run:True standardDiviation:True cliquesAndMovement:True time:2018-07-09|15:34:16 kommentar:
0
4
0
0
0
0
1
1
1
3
4
5
5
6
1
1
1
1
0
0
0
0
0
2
2
3
1
2
1
1
1
1
0
0
0
0
0
0
0
0
0
0
2
2
1
0
2
0
0
1
0
0
0
0
0
0
0
0
0
0
0
0
0
1
0
0
0
1
0
3
2
0
1
1
1
0
0
0
0
0
0
0
0
0
0
0
0
0
0
0
0
0
0
1
0
0
0
0
0
0
33
%
41,55
5,28
1,08
0,29
0,14
0,05
0,01
0,01
0
0,01
0
0
0
0
0
0
0
0
0
0
%
31,01
10,75
5,26
2,38
1,09
0,58
0,29
0,11
0,04
0,04
0,03
0
0
0
0
0
0
0
0
0
%
0
0
0
0
0
0
0,01
0,01
0,01
0,04
0,07
0,11
0,19
0,14
0,13
0,15
0,23
0,18
0,19
0,31
0,62
0,64
0,59
0,46
0,34
0,16
0,16
0,07
0,06
0,03
0,04
0,04
0
0,01
0
0
0
0,01
0
0
0
0
0
0
0
0
0
0
0
0
0
0
0
0
0
0
0
0
0
0
0
0
0
0
0
0
0
0
0
0
0
0
0
0
0
0
0
0
0
0
0
0
0
0
0
0
0
0
0
0
0
0
0
0
0
0
0
0
0
0
%
2,02
0,06
0
0
0
0
0,01
0,01
0,01
0,04
0,07
0,11
0,19
0,14
0,13
0,15
0,23
0,19
0,19
0,3
0,3
0,32
0,25
0,16
0,07
0,04
0,01
0
0
0
0
0
0
0
0
0
0
0
0
0
0
0
0
0
0
0
0
0
0
0
0
0
0
0
0
0
0
0
0
0
0
0
0
0
0
0
0
0
0
0
0
0
0
0
0
0
0
0
0
0
0
0
0
0
0
0
0
0
0
0
0
0
0
0
0
0
0
0
0
0
%
0
0
0
0
0
0
0
0
0
0
25
80,5
43
54,16667
42,42857
45,7
54,25
66,64286
49,46667
58,16667
95,6
65,1579
78,13333
97
68,4
37
0
176
0
0
0
0
0
0
0
0
0
0
0
0
0
0
0
0
0
0
0
0
0
0
%
0
116
0
0
0
0
0
0
0
0
25
80,5
43,05
54,16667
42,42857
45,75
54,28125
65,57143
49,5
58,30556
95,69167
65,2193
78,22221
97,04546
71,5
37,25
0
0
0
0
0
0
0
0
0
0
0
0
0
0
0
0
0
0
0
0
0
0
0
0
%
0
0
0
0
0
0
0
0
0
0
0
0,01
0,01
0
0,03
0
0,13
0,11
0,11
0,23
0,27
0,27
0,23
0,14
0,06
0,04
0,01
0
0
0
0
0
0
0
0
0
0
0
0
0
0
0
0
0
0
0
0
0
0
0
0
0
0
0
0
0
0
0
0
0
0
0
0
0
0
0
0
0
0
0
0
0
0
0
0
0
0
0
0
0
0
0
0
0
0
0
0
0
0
0
0
0
0
0
0
0
0
0
0
0
%
0
0
0
0
0
0
0
0
0
0
0
0,01
0,01
0
0,03
0
0,13
0,11
0,11
0,23
0,27
0,27
0,23
0,14
0,06
0,04
0,01
0
0
0
0
0
0
0
0
0
0
0
0
0
0
0
0
0
0
0
0
0
0
0
0
0
0
0
0
0
0
0
0
0
0
0
0
0
0
0
0
0
0
0
0
0
0
0
0
0
0
0
0
0
0
0
0
0
0
0
0
0
0
0
0
0
0
0
0
0
0
0
0
0
%
0
0
0
0
0
0
0,01
0,01
0,01
0,04
0,06
0,07
0,09
0,08
0,06
0,04
0,07
0,03
0,03
0,09
0,07
0,07
0,07
0,03
0,04
0,02
0,01
0
0
0
0
0
0
0
0
0
0
0
0
0
0
0
0
0
0
0
0
0
0
0
0
0
0
0
0
0
0
0
0
0
0
0
0
0
0
0
0
0
0
0
0
0
0
0
0
0
0
0
0
0
0
0
0
0
0
0
0
0
0
0
0
0
0
0
0
0
0
0
0
0
