simulations:10000 population:100 rateOfInfect:0,5 rateOfRecovery:2 rateOfMoving:4 run:True standardDiviation:True cliquesAndMovement:True time:2018-07-05|21:55:57 kommentar:
0
2220
968
930
749
536
396
305
252
233
188
140
132
87
95
73
64
48
40
32
34
40
27
22
20
21
19
10
14
13
17
15
13
8
11
8
5
3
6
8
7
8
8
5
8
10
9
3
8
7
4
4
7
2
3
5
4
2
5
4
5
5
2
4
6
2
3
4
5
4
2
2
3
4
1
3
5
6
9
2
2
5
10
4
4
7
8
6
15
14
23
25
32
50
66
99
140
199
325
471
503
%
57,9971
11,0532
3,1809
1,1871
0,5389
0,284
0,1753
0,1089
0,074
0,0535
0,0454
0,0398
0,0304
0,0298
0,0261
0,025
0,0268
0,0288
0,0261
0,3137
%
6,3173
3,1071
2,2923
1,8465
1,5541
1,3143
1,1283
0,9785
0,836
0,7477
0,6422
0,5701
0,5041
0,4325
0,3508
0,3146
0,2823
0,242
0,2122
1,0823
%
0
0,009
0,0534
0,1233
0,1536
0,1481
0,1161
0,0873
0,0606
0,0495
0,0458
0,0449
0,0432
0,0504
0,0638
0,0749
0,0973
0,1141
0,1464
0,1544
0,4871
0,4178
0,4301
0,4194
0,3819
0,2987
0,2002
0,1381
0,1021
0,0878
0,072
0,0582
0,0493
0,0395
0,0256
0,0227
0,0179
0,0142
0,0147
0,0132
0,0115
0,0079
0,0082
0,008
0,0052
0,0035
0,0051
0,0024
0,0024
0,0026
0,0018
0,0023
0,0025
0,0012
0,0013
0,0015
0,0013
0,0004
0,0005
0,0003
0,0009
0,0008
0,0003
0,0006
0,0002
0,0001
0,0001
0,0002
0
0
0,0001
0,0001
0,0001
0
0
0
0
0
0
0
0
0
0
0
0
0
0
0
0
0
0
0
0
0
0
0
0
0
0
0
0
%
2,6502
0,3641
0,1846
0,1944
0,1795
0,136
0,0896
0,0586
0,0341
0,0256
0,019
0,0211
0,0234
0,0288
0,0404
0,059
0,08
0,0927
0,1118
0,1152
0,1097
0,0992
0,0891
0,0656
0,051
0,0304
0,0209
0,0119
0,0063
0,0036
0,0023
0,0009
0,0009
0,0001
0
0
0
0
0
0
0
0
0
0
0
0
0
0
0
0
0
0
0
0
0
0
0
0
0
0
0
0
0
0
0
0
0
0
0
0
0
0
0
0
0
0
0
0
0
0
0
0
0
0
0
0
0
0
0
0
0
0
0
0
0
0
0
0
0
0
0
%
0
24,35294
24,90625
30,31677
31,53362
35,84787
43,59071
56,57692
74,32076
76,27602
86,41333
124,2837
143,0261
147,7559
172,7068
183,5783
175,4502
163,4049
170,9361
163,2391
152,4843
148,3827
148,2808
144,7431
147,738
150,8172
149,9862
131,1436
125,3583
129,2188
131,1852
105,2667
137,2
136,0233
123,7879
127,9474
131,0417
146,4706
108,4583
93,27273
69,88235
117,1
107,1053
133,6111
170,3333
107,5714
100,2857
81,71429
221,5714
146,0741
