simulations:1000 population:240 rateOfInfect:1 rateOfRecovery:1 rateOfMoving:1,9 standardDiviation:True cliquesAndMovement:True time:2018-07-05|09:29:27 kommentar:
56,57 48,27908 0,2467493 0
52,881 48,20728 0,2425826 4,983
54,35 50,22867 0,2604162 10,202
52,411 51,85733 0,2621664 14,958
56,035 56,97849 0,2856662 21,19
52,166 55,76105 0,2761666 24,285
53,062 59,3541 0,28575 29,654
53,726 61,66624 0,2922499 34,843
51,107 61,49123 0,2864163 38,515
54,897 67,00052 0,3066666 45,785
50,342 65,19476 0,2890833 46,216
51,628 68,39841 0,2959167 52,38
53,938 71,77501 0,3095001 59,642
48,389 68,50185 0,2894168 57,871
47,314 69,71239 0,282833 61,107
49,611 71,56667 0,2964167 67,477
50,366 75,28399 0,2959164 74,504
50,545 76,16544 0,2984167 78,877
45,833 72,18993 0,2815832 75,902
50,409 78,8211 0,2963329 87,798
