simulations:1000 population:240 rateOfInfect:0,5 rateOfRecovery:1 rateOfMoving:1 run:True standardDiviation:True cliquesAndMovement:True time:2018-07-05|10:15:42 kommentar:
0
121
16
9
24
40
60
65
88
67
43
39
18
19
14
18
22
10
13
10
14
10
11
1
7
4
6
8
11
8
4
5
2
2
5
2
3
5
5
0
2
2
4
0
2
0
2
2
1
2
5
1
2
2
4
0
2
4
4
3
2
1
3
0
1
3
0
0
1
1
1
0
1
1
1
0
1
0
0
1
1
1
0
1
3
0
0
0
0
1
0
2
0
1
0
0
0
1
0
0
0
0
0
2
0
1
1
0
0
0
1
1
1
0
0
0
0
0
0
0
0
0
0
1
0
0
0
0
0
0
1
0
0
1
0
0
0
1
0
1
1
0
0
1
0
0
0
1
0
0
0
2
0
2
0
0
1
1
0
1
1
1
1
0
0
2
1
1
1
1
0
0
0
0
0
1
0
1
0
0
0
2
0
0
0
1
0
1
0
0
0
3
0
1
0
2
0
0
0
0
0
0
0
1
0
1
0
1
3
0
0
0
0
2
0
1
0
2
1
3
2
3
2
0
0
0
1
0
0
3
1
0
2
0
6
5
4
4
10
7
10
183
15
2
0
0
0
0
0
0
0
0
0
0
0
0
0
0
0
0
0
19
7
4
2
1
0
0
0
0
0
0
0
0
0
0
0
0
0
0
0
0
0
0
0
0
0
0
0
0
0
0
0
0
0
0
0
0
0
0
0
3
2
1
0
0
0
0
0
0
0
0
0
0
0
0
0
0
0
0
0
0
0
0
0
0
0
0
0
0
0
0
0
0
0
0
0
0
0
0
0
0
0
0
0
0
0
0
0
0
0
0
0
0
0
0
0
0
0
0
0
0
0
0
0
0
0
0
0
0
0
0
0
0
0
0
0
0
0
0
0
0
0
0
0
0
0
0
0
0
0
0
0
0
0
0
0
0
0
0
0
0
0
0
0
0
0
0
0
0
0
0
0
0
0
0
0
0
0
0
0
0
0
0
0
0
0
0
0
0
0
0
0
0
0
0
0
0
0
0
0
0
0
0
0
0
0
0
0
0
0
0
0
0
0
0
0
0
0
0
0
0
0
0
0
0
0
0
0
0
0
0
0
0
0
0
0
0
0
0
0
0
0
0
0
0
0
0
0
0
0
0
0
0
0
0
0
0
0
0
0
0
0
0
0
0
0
0
0
0
0
0
0
0
0
0
0
0
0
0
0
8
0
0
0
0
0
0
0
0
0
0
0
0
0
0
0
0
0
0
0
0
0
0
0
0
0
0
0
0
0
0
0
0
0
0
0
0
0
0
0
0
0
0
0
0
0
0
0
0
0
0
0
0
0
0
0
0
0
0
0
0
0
0
0
0
0
0
0
0
0
0
0
0
0
0
0
0
0
0
0
0
0
0
0
0
0
0
0
0
0
0
0
0
0
0
0
0
0
0
0
0
0
0
0
0
0
0
0
0
0
0
0
0
0
0
0
0
0
0
0
0
0
0
0
0
0
0
0
0
0
0
0
0
0
0
0
0
0
0
0
0
0
0
0
0
0
0
0
0
0
0
0
0
0
0
0
0
0
0
0
0
0
0
0
0
0
0
0
0
0
0
0
0
0
0
0
0
0
0
0
0
0
0
0
0
0
0
0
0
0
0
0
0
0
0
0
0
0
0
0
0
0
0
0
0
0
0
0
0
0
0
0
0
0
0
0
0
0
0
0
0
0
0
0
0
0
0
0
0
0
0
0
0
0
0
0
0
0
0
0
0
0
0
0
46
40
33
44
53
66
72
89
97
125
152
187
150
210
200
170
176
164
177
132
133
128
171
120
180
132
214
182
132
168
171
100
0
154
330
153
25
414
0
0
0
0
0
0
0
0
