simulations:100 population:100 rateOfInfect:0,3 rateOfRecovery:2 rateOfMoving:4 run:True standardDiviation:True cliquesAndMovement:True time:2018-07-05|20:52:54 kommentar:
0
39
17
14
8
6
2
2
3
1
3
0
0
0
0
1
0
0
0
0
0
1
0
0
0
1
0
0
0
0
0
0
0
0
0
0
0
1
0
0
0
0
0
0
0
0
0
0
1
0
0
0
0
0
0
0
0
0
0
0
0
0
0
0
0
0
0
0
0
0
0
0
0
0
0
0
0
0
0
0
0
0
0
0
0
0
0
0
0
0
0
0
0
0
0
0
0
0
0
0
0
%
77,66
12,56
3,2
0,94
0,5
0,42
0,22
0,1
0,08
0,09
0,04
0,01
0,01
0,02
0,02
0
0,01
0
0
0
%
3
0,5
0,21
0,15
0,11
0,06
0,02
0,01
0,03
0,02
0
0
0
0,01
0
0
0
0
0
0
%
0
0,06
0,14
0,11
0,22
0,16
0,06
0,08
0,04
0,02
0,01
0,03
0,04
0,07
0,05
0,02
0,04
0,02
0,06
0,04
0,52
0,37
0,48
0,52
0,62
0,3
0,2
0,21
0,11
0,08
0,08
0,06
0,01
0,03
0,01
0,02
0,02
0,02
0,02
0,01
0
0
0
0
0
0
0,02
0
0
0
0
0
0
0
0
0,01
0,01
0
0
0
0
0
0
0
0
0
0
0
0
0
0
0
0
0
0
0
0
0
0
0
0
0
0
0
0
0
0
0
0
0
0
0
0
0
0
0
0
0
0
0
0
%
3,6
0,55
0,23
0,17
0,15
0,15
0,04
0,03
0,03
0,01
0,01
0
0,02
0,01
0
0
0
0
0
0
0
0
0
0
0
0
0
0
0
0
0
0
0
0
0
0
0
0
0
0
0
0
0
0
0
0
0
0
0
0
0
0
0
0
0
0
0
0
0
0
0
0
0
0
0
0
0
0
0
0
0
0
0
0
0
0
0
0
0
0
0
0
0
0
0
0
0
0
0
0
0
0
0
0
0
0
0
0
0
0
0
%
0
0
0
0
0
0
0
0
0
0
0
0
0
0
0
0
0
0
0
0
0
0
0
0
0
0
0
0
0
0
0
0
0
0
0
0
0
0
0
0
0
0
0
0
0
0
0
0
0
0
