simulations:2000 population:240 rateOfInfect:2,4 rateOfRecovery:1 rateOfMoving:100 run:False standardDiviation:True cliquesAndMovement:True time:2018-07-07|17:32:46 kommentar:
1 0 0,08333293 20,5405
1,0675 0,3162209 0,08754107 21,9115
1,1395 0,4440034 0,09170761 23,089
1,2125 0,6469607 0,09533244 24,4255
1,296 0,7567598 0,0992073 25,6675
1,7315 9,278684 0,103999 67,1965
1,698 7,676549 0,1072488 53,068
2,745 16,86865 0,1155406 131,9865
3,436 20,62087 0,1218738 169,8585
3,4985 20,6361 0,1247904 162,043
4,621 26,52241 0,1231236 226,9125
6,0495 31,72407 0,134916 297,29
6,368 32,57553 0,1361241 287,7365
8,5745 39,33225 0,1448328 388,676
8,6155 39,33155 0,1470832 374,271
10,952 45,26511 0,1580835 462,3645
10,689 44,68181 0,1558751 429,132
15,513 54,98621 0,1744174 611,597
15,6105 55,21248 0,1727509 590,679
16,214 56,08729 0,1791672 584,9195
17,1215 57,83862 0,1792925 596,7095
18,975 60,91769 0,1865426 639,7465
20,1115 62,66511 0,1912093 659,3935
21,0305 64,17963 0,1951262 668,5815
23,5445 67,91063 0,2030431 722,451
