simulations:10 population:100 rateOfInfect:4 rateOfRecovery:2 rateOfMoving:116 standardDiviation:True cliquesAndMovement:True time:2018-07-04|16:22:56 kommentar:
30 16,99673 0,3 0
50,8 43,26353 0,58 45,8
82,6 36,73085 0,86 151,5
93,4 20,87103 0,96 235,5
82,2 37,59964 0,86 284,6
60,9 50,48972 0,68 270
42,3 49,74166 0,54 212,5
80,7 40,68866 0,84 480,7
70,6 47,3385 0,78 499,8
51,6 51,05161 0,62 392,1
60,9 50,49852 0,7 541,5
71,1 46,54616 0,7600001 632,6
42 49,95776 0,5400001 420,1
51,2 51,44533 0,6 523,2
50,9 51,76324 0,6 565,6
50,9 51,75895 0,6 640,4
71,4 46,06565 0,8 963,6
50,7 51,97018 0,6 662,1
60,7 50,73909 0,6799999 904,3
60,7 50,7369 0,6799999 936,4
40,8 50,95488 0,54 608,7
21,3 41,48373 0,3800001 347,7
70,8 47,02671 0,7599999 1191,2
50,8 51,86478 0,6 919,7
70,4 47,66131 0,7599999 1329,9
60,6 50,86627 0,68 1157,5
31,2 47,48053 0,44 576
21,2 41,5366 0,36 452,2
61,1 50,23379 0,7199999 1258,8
21,7 41,27967 0,36 463,8
