simulations:1000000 population:100 rateOfInfect:4 rateOfRecovery:2 rateOfMoving:0 name:1; name:2;????? name:3;Infected_Clique_Population name:4;Infected_Clique_Infected_Population name:5;Time_Clique_Infected_by_Population name:6;Time_Clique_Infected_by_Infected_Population name:7;Infected_Clique_Population_Given_Major_Outbreak name:8;Infected_Clique_Infected_Population_Given_Major_Outbreak name:9;Index_Clique_Population run:True standardDiviation:True cliquesAndMovement:True time:2018-07-09|16:13:55 kommentar:
0
146025
37125
20413
18003
12728
10505
8271
6922
5735
4888
4261
3799
3351
2930
2634
2453
2192
1959
1924
1788
1670
1523
1457
1387
1292
1259
1185
1186
1153
1143
1201
1040
1116
1066
1090
1049
1124
1035
1099
1113
1089
1128
1191
1203
1273
1257
1317
1363
1469
1516
1570
1604
1736
1777
1996
2073
2165
2429
2490
2741
2805
3077
3323
3659
3871
4279
4647
4972
5483
5897
6554
7128
7842
8760
9584
10547
11526
12854
13934
15190
16859
18359
19773
22094
23898
25900
27837
29605
31616
33051
34181
34712
34433
33342
31358
27755
22927
16486
10266
4135
%
40,79348
0
0
0
0
0
0
0
0
0
0
0
0
0
0
0
0
0
0
0
%
59,17157
0
0
0
0
0
0
0
0
0
0
0
0
0
0
0
0
0
0
0
%
0
98,68435
0
0
0
0
0
0
0
0
0
0
0
0
0
0
0
0
0
0
0
0
0
0
0
0
0
0
0
0
0
0
0
0
0
0
0
0
0
0
0
0
0
0
0
0
0
0
0
0
0
0
0
0
0
0
0
0
0
0
0
0
0
0
0
0
0
0
0
0
0
0
0
0
0
0
0
0
0
0
0
0
0
0
0
0
0
0
0
0
0
0
0
0
0
0
0
0
0
0
%
40,79348
59,17157
0
0
0
0
0
0
0
0
0
0
0
0
0
0
0
0
0
0
0
0
0
0
0
0
0
0
0
0
0
0
0
0
0
0
0
0
0
0
0
0
0
0
0
0
0
0
0
0
0
0
0
0
0
0
0
0
0
0
0
0
0
0
0
0
0
0
0
0
0
0
0
0
0
0
0
0
0
0
0
0
0
0
0
0
0
0
0
0
0
0
0
0
0
0
0
0
0
0
%
0
56,49008
0
0
0
0
0
0
0
0
0
0
0
0
0
0
0
0
0
0
0
0
0
0
0
0
0
0
0
0
0
0
0
0
0
0
0
0
0
0
0
0
0
0
0
0
0
0
0
0
%
0
54,50819
0
0
0
0
0
0
0
0
0
0
0
0
0
0
0
0
0
0
0
0
0
0
0
0
0
0
0
0
0
0
0
0
0
0
0
0
0
0
0
0
0
0
0
0
0
0
0
0
%
0
0,4135
0
0
0
0
0
0
0
0
0
0
0
0
0
0
0
0
0
0
0
0
0
0
0
0
0
0
0
0
0
0
0
0
0
0
0
0
0
0
0
0
0
0
0
0
0
0
0
0
0
0
0
0
0
0
0
0
0
0
0
0
0
0
0
0
0
0
0
0
0
0
0
0
0
0
0
0
0
0
0
0
0
0
0
0
0
0
0
0
0
0
0
0
0
0
0
0
0
0
%
0
0,4135
0
0
0
0
0
0
0
0
0
0
0
0
0
0
0
0
0
0
0
0
0
0
0
0
0
0
0
0
0
0
0
0
0
0
0
0
0
0
0
0
0
0
0
0
0
0
0
0
0
0
0
0
0
0
0
0
0
0
0
0
0
0
0
0
0
0
0
0
0
0
0
0
0
0
0
0
0
0
0
0
0
0
0
0
0
0
0
0
0
0
0
0
0
0
0
0
0
0
%
0
1
0
0
0
0
0
0
0
0
0
0
0
0
0
0
0
0
0
0
0
0
0
0
0
0
0
0
0
0
0
0
0
0
0
0
0
0
0
0
0
0
0
0
0
0
0
0
0
0
0
0
0
0
0
0
0
0
0
0
0
0
0
0
0
0
0
0
0
0
0
0
0
0
0
0
0
0
0
0
0
0
0
0
0
0
0
0
0
0
0
0
0
0
0
0
0
0
0
0
