simulations:10000 population:100 rateOfInfect:4 rateOfRecovery:2 rateOfMoving:4 run:True standardDiviation:True cliquesAndMovement:True time:2018-07-05|14:40:32 kommentar:
0
2610
1747
1740
1242
699
427
316
261
150
144
117
86
63
56
60
39
39
32
22
13
12
9
16
13
10
10
11
5
7
3
6
3
2
3
3
3
2
1
2
4
2
2
3
0
1
1
0
0
0
0
0
0
3
0
0
0
0
0
0
0
0
0
0
0
0
0
0
0
0
0
0
0
0
0
0
0
0
0
0
0
0
0
0
0
0
0
0
0
0
0
0
0
0
0
0
0
0
0
0
0
%
93,0954
2,6911
0,1297
0,009
0,0016
0,0002
0
0
0
0
0
0
0
0
0
0
0
0
0
0
%
3,5686
0,4569
0,0429
0,004
0,0006
0
0
0
0
0
0
0
0
0
0
0
0
0
0
0
%
0
0,1173
0,3346
0,4811
0,381
16,1386
2,3081
0,2137
0,0224
0,0026
0,0005
0,0001
0
0
0
0
0
0
0
0
0
0
0
0
0
0
0
0
0
0
0
0
0
0
0
0
0
0
0
0
0
0
0
0
0
0
0
0
0
0
0
0
0
0
0
0
0
0
0
0
0
0
0
0
0
0
0
0
0
0
0
0
0
0
0
0
0
0
0
0
0
0
0
0
0
0
0
0
0
0
0
0
0
0
0
0
0
0
0
0
0
%
18,4344
0,4138
0,3511
0,3916
0,2849
0,1046
0,0178
0,0016
0,0002
0
0
0
0
0
0
0
0
0
0
0
0
0
0
0
0
0
0
0
0
0
0
0
0
0
0
0
0
0
0
0
0
0
0
0
0
0
0
0
0
0
0
0
0
0
0
0
0
0
0
0
0
0
0
0
0
0
0
0
0
0
0
0
0
0
0
0
0
0
0
0
0
0
0
0
0
0
0
0
0
0
0
0
0
0
0
0
0
0
0
0
0
%
0
8,389706
9,27574
8,682927
9,200873
11,27332
14,28097
20,18421
23
0
0
0
0
0
0
0
0
0
0
0
0
0
0
0
0
0
0
0
0
0
0
0
0
0
0
0
0
0
0
0
0
0
0
0
0
0
0
0
0
0
