simulations:1000 population:100 rateOfInfect:4 rateOfRecovery:2 rateOfMoving:4 run:True standardDiviation:True cliquesAndMovement:True time:2018-07-05|14:40:24 kommentar:
0
248
201
163
128
56
40
39
33
16
14
12
11
7
7
6
3
3
1
3
3
1
3
0
0
0
0
1
0
0
0
0
0
0
0
0
0
0
0
0
0
0
0
0
1
0
0
0
0
0
0
0
0
0
0
0
0
0
0
0
0
0
0
0
0
0
0
0
0
0
0
0
0
0
0
0
0
0
0
0
0
0
0
0
0
0
0
0
0
0
0
0
0
0
0
0
0
0
0
0
0
%
93,199
2,732
0,125
0,017
0
0
0
0
0
0
0
0
0
0
0
0
0
0
0
0
%
3,46
0,44
0,025
0,001
0,001
0
0
0
0
0
0
0
0
0
0
0
0
0
0
0
%
0
0,124
0,35
0,466
0,38
16,077
2,371
0,21
0,021
0,001
0
0
0
0
0
0
0
0
0
0
0
0
0
0
0
0
0
0
0
0
0
0
0
0
0
0
0
0
0
0
0
0
0
0
0
0
0
0
0
0
0
0
0
0
0
0
0
0
0
0
0
0
0
0
0
0
0
0
0
0
0
0
0
0
0
0
0
0
0
0
0
0
0
0
0
0
0
0
0
0
0
0
0
0
0
0
0
0
0
0
0
%
18,455
0,417
0,384
0,361
0,275
0,09
0,017
0,001
0
0
0
0
0
0
0
0
0
0
0
0
0
0
0
0
0
0
0
0
0
0
0
0
0
0
0
0
0
0
0
0
0
0
0
0
0
0
0
0
0
0
0
0
0
0
0
0
0
0
0
0
0
0
0
0
0
0
0
0
0
0
0
0
0
0
0
0
0
0
0
0
0
0
0
0
0
0
0
0
0
0
0
0
0
0
0
0
0
0
0
0
0
%
0
7
9,386364
7,914729
9,678572
10,11594
12,4
17,66667
0
0
0
0
0
0
0
0
0
0
0
0
0
0
0
0
0
0
0
0
0
0
0
0
0
0
0
0
0
0
0
0
0
0
0
0
0
0
0
0
0
0
