simulations:1000 population:5 rateOfInfect:4 rateOfRecovery:2 rateOfMoving:4 run:True standardDiviation:True cliquesAndMovement:True time:2018-07-05|20:13:03 kommentar:
0
138
26
26
86
724
%
0,459
0,141
0,059
0,037
0,024
0,017
0,012
0,008
0,003
0,002
0,002
0,001
0,001
0,002
0
0
0
0
0
0
%
2,546
0,839
0,388
0,237
0,111
0,062
0,026
0,008
0,004
0,007
0,002
0
0,001
0
0
0
0
0
0,001
0
%
0
0
0
0
0
1
%
0
0,138
0,026
0,026
0,086
0,724
%
0
0
0
0
0
0
0
0
0
0
0
0
0
0
0
0
0
0
0
0
0
0
0
0
0
0
0
0
0
0
0
0
0
0
0
0
0
0
0
0
0
0
0
0
0
0
0
0
0
0
