simulations:5000 population:240 rateOfInfect:6 rateOfRecovery:1 rateOfMoving:3 run:False standardDiviation:True cliquesAndMovement:True time:2018-07-09|19:42:08 kommentar:cliquestorlek_10_och_edgegrej_0.8
220,805 49,16047 0,9219348 0
220,6144 50,1666 0,921935 6,9902
219,1544 52,17017 0,9166836 13,8024
218,4688 54,31018 0,9150349 20,6944
215,3348 58,79067 0,902485 27,149
215,9036 58,58573 0,9055011 34,0392
216,234 58,66843 0,907584 40,9036
214,2974 62,09483 0,9000688 47,3146
211,0188 66,77458 0,8873675 53,3034
209,3912 68,38647 0,8813682 59,4164
209,2534 68,41138 0,8813507 65,9086
210,5918 68,054 0,8867677 73,1818
207,0464 72,34573 0,8728344 78,4406
207,4688 71,8071 0,8751498 84,7882
206,588 73,61611 0,8717666 90,9842
202,5542 77,34616 0,8563331 95,703
