simulations:100 population:100 rateOfInfect:4 rateOfRecovery:2 rateOfMoving:4 run:True standardDiviation:True cliquesAndMovement:True time:2018-07-05|21:39:03 kommentar:
0
4
0
0
0
0
0
0
0
0
0
0
0
0
0
0
0
0
0
0
0
0
0
0
0
0
0
0
0
0
0
0
0
0
0
0
0
0
0
0
0
0
0
0
0
0
0
0
0
0
0
0
0
0
0
0
0
0
0
0
0
0
0
0
0
0
0
0
0
0
0
0
0
0
0
0
0
0
0
0
0
0
0
0
0
0
0
0
0
0
0
0
0
0
0
0
0
0
0
0
96
%
3,9
0,06
0
0
0
0
0
0
0
0
0
0
0
0
0
0
0
0
0
0
%
50,75
23,57
11,34
5,44
2,64
1,17
0,59
0,24
0,15
0,07
0,05
0
0,02
0
0
0
0,01
0
0
0
%
0
0
0
0
0
0
0
0
0
0
0
0,01
0,08
0,05
0,1
0,11
0,24
0,47
0,49
0,62
0,8
0,54
0,47
0,31
0,33
0,11
0,12
0,11
0
0,02
0,01
0
0
0
0
0,01
0
0
0
0
0
0
0
0
0
0
0
0
0
0
0
0
0
0
0
0
0
0
0
0
0
0
0
0
0
0
0
0
0
0
0
0
0
0
0
0
0
0
0
0
0
0
0
0
0
0
0
0
0
0
0
0
0
0
0
0
0
0
0
0
0
%
0,16
0,04
0
0
0
0
0
0
0
0
0
0,01
0,08
0,05
0,1
0,11
0,24
0,47
0,47
0,61
0,68
0,49
0,47
0,31
0,33
0,11
0,12
0,11
0
0,02
0,01
0
0
0
0
0,01
0
0
0
0
0
0
0
0
0
0
0
0
0
0
0
0
0
0
0
0
0
0
0
0
0
0
0
0
0
0
0
0
0
0
0
0
0
0
0
0
0
0
0
0
0
0
0
0
0
0
0
0
0
0
0
0
0
0
0
0
0
0
0
0
0
%
0
0
0
0
0
0
0
0
0
0
0
0
0
0
0
0
0
0
0
0
0
0
0
0
0
0
0
0
0
0
0
0
0
0
0
0
0
0
0
0
0
0
0
0
0
0
0
0
0
0
