simulations:400 population:240 rateOfInfect:4 rateOfRecovery:1 rateOfMoving:3,8 standardDiviation:True time:2018-07-04|15:01:05 kommentar:INterestingResult
19,6675 2,494498
22,255 9,076137
24,035 13,42926
25,91 17,98377
32,8075 28,76096
33,0425 29,42058
37,555 36,75554
43,325 43,8315
48,9275 53,57153
51,8325 58,02386
64,755 69,5523
62,1625 68,86407
83,045 80,55015
78,665 83,73798
85,5325 88,85718
97,0875 94,41834
98,6675 97,28197
104,0075 99,59741
109,4425 102,5725
118,01 103,4574
