simulations:100 population:240 rateOfInfect:2 rateOfRecovery:1 rateOfMoving:0,95 run:False standardDiviation:True cliquesAndMovement:True time:2018-07-05|15:45:31 kommentar:
85,07 63,46529 0,36 0
93,4 67,86604 0,4008334 2,35
98,27 75,0917 0,4249998 4,85
96,78 74,82294 0,4158333 6,99
113,46 88,83027 0,4858333 11
125,17 90,34748 0,5375 15,08
136,23 91,6916 0,5758334 18,55
136,54 98,56429 0,5816666 22,98
132,27 98,38995 0,5641665 24,57
147,52 102,3974 0,6258333 33,06
151,63 100,6538 0,6433333 35,67
140,8 104,0912 0,6 36,75
152,6 104,1991 0,6474999 43,85
172,77 96,56754 0,7291666 54,32
160,58 102,1855 0,6791665 52,58
159,39 104,9242 0,6750001 58,91
161,41 104,5333 0,6833333 61,29
165,04 103,0386 0,6958332 66,65
169,19 101,5618 0,7133333 74,28
173,92 100,2878 0,7333333 82,06
