simulations:100 population:100 rateOfInfect:4 rateOfRecovery:2 rateOfMoving:4 run:True standardDiviation:True cliquesAndMovement:True time:2018-07-06|09:23:12 kommentar:
0
1
0
0
0
0
0
3
2
4
3
6
3
1
3
2
1
0
0
0
0
0
0
0
1
1
2
3
3
0
0
0
0
1
0
0
0
0
0
0
1
1
1
2
4
1
1
3
1
0
1
0
0
0
0
0
0
0
0
0
0
0
0
0
0
0
0
0
1
1
1
1
0
0
0
0
0
0
0
0
0
0
0
0
0
0
0
0
0
0
0
0
0
0
0
0
0
0
0
0
40
%
37,19
5,4
1,04
0,3
0,07
0,01
0
0
0
0
0
0
0
0
0
0
0
0
0
0
%
33,29
12,43
5,85
2,34
0,9
0,52
0,37
0,11
0,09
0,04
0,02
0,03
0
0
0
0
0
0
0
0
%
0
0
0
0
0
0
0
0,03
0,02
0,06
0,04
0,12
0,09
0,12
0,24
0,21
0,24
0,26
0,25
0,37
0,4
0,53
0,49
0,55
0,27
0,15
0,11
0,16
0,1
0,1
0,04
0,04
0,01
0
0
0
0
0
0
0
0
0
0
0
0
0
0
0
0
0
0
0
0
0
0
0
0
0
0
0
0
0
0
0
0
0
0
0
0
0
0
0
0
0
0
0
0
0
0
0
0
0
0
0
0
0
0
0
0
0
0
0
0
0
0
0
0
0
0
0
%
1,83
0,03
0
0
0
0
0
0,03
0,02
0,06
0,04
0,12
0,09
0,12
0,24
0,21
0,24
0,26
0,25
0,37
0,3
0,2
0,17
0,15
0,05
0,07
0,06
0,05
0,02
0,02
0
0
0
0
0
0
0
0
0
0
0
0
0
0
0
0
0
0
0
0
0
0
0
0
0
0
0
0
0
0
0
0
0
0
0
0
0
0
0
0
0
0
0
0
0
0
0
0
0
0
0
0
0
0
0
0
0
0
0
0
0
0
0
0
0
0
0
0
0
0
%
0
0
0
0
0
0
0
0
0
26
20
24
52
64,83334
37,72727
42,07143
50,25
67,88235
92,47059
70,03846
69,15
74,46154
71,90909
63,41667
46
97,16666
69,33334
29,75
27
66,33334
0
101
0
0
0
0
0
0
0
0
0
0
0
0
0
0
0
0
0
0
%
0
96
0
0
0
0
0
0
0
26
20
24
52
64,91666
37,72727
42,07143
50,25
67,90195
92,47059
70,07692
69,275
74,46154
71,95454
63,45833
46
97,16666
69,33334
29,75
27
54
0
0
0
0
0
0
0
0
0
0
0
0
0
0
0
0
0
0
0
0
%
0
0
0
0
0
0
0
0
0
0
0
0
0,01
0,03
0,01
0,09
0,14
0,16
0,19
0,33
0,28
0,18
0,16
0,15
0,05
0,07
0,06
0,05
0,02
0,02
0
0
0
0
0
0
0
0
0
0
0
0
0
0
0
0
0
0
0
0
0
0
0
0
0
0
0
0
0
0
0
0
0
0
0
0
0
0
0
0
0
0
0
0
0
0
0
0
0
0
0
0
0
0
0
0
0
0
0
0
0
0
0
0
0
0
0
0
0
0
%
0
0
0
0
0
0
0
0
0
0
0
0
0,01
0,03
0,01
0,09
0,14
0,16
0,19
0,33
0,28
0,18
0,16
0,15
0,05
0,07
0,06
0,05
0,02
0,02
0
0
0
0
0
0
0
0
0
0
0
0
0
0
0
0
0
0
0
0
0
0
0
0
0
0
0
0
0
0
0
0
0
0
0
0
0
0
0
0
0
0
0
0
0
0
0
0
0
0
0
0
0
0
0
0
0
0
0
0
0
0
0
0
0
0
0
0
0
0
%
0
0
0
0
0
0
0
0,03
0,02
0,05
0,03
0,09
0,08
0,05
0,13
0,07
0,03
0,07
0,05
0,03
0,08
0,06
0,05
0,02
0,03
0,01
0
0,01
0,01
0
0
0
0
0
0
0
0
0
0
0
0
0
0
0
0
0
0
0
0
0
0
0
0
0
0
0
0
0
0
0
0
0
0
0
0
0
0
0
0
0
0
0
0
0
0
0
0
0
0
0
0
0
0
0
0
0
0
0
0
0
0
0
0
0
0
0
0
0
0
0
