simulations:1000 population:240 rateOfInfect:1,9 rateOfRecovery:1 rateOfMoving:0,2 run:False standardDiviation:True cliquesAndMovement:True time:2018-07-07|17:15:09 kommentar:
1 0 0,08333353 3,364
4,549 3,950095 0,08941694 6,924
10,221 9,059814 0,1052505 9,142
16,686 15,41956 0,1275005 10,167
22,862 22,94473 0,1466669 10,582
28,836 28,19963 0,1673332 10,899
34,04 35,08527 0,1854163 10,485
38,858 38,67759 0,2026661 10,356
44,837 44,0396 0,2253329 10,594
50,547 48,15865 0,2453329 10,336
55,009 51,2779 0,2618329 10,261
57,588 51,81129 0,2734163 9,892
63,075 55,83323 0,2935831 10,064
66,053 59,3585 0,3025 9,618
68,717 61,23612 0,3118335 9,169
68,124 59,89415 0,3091668 8,595
75,342 64,48094 0,339 8,95
78,735 65,21605 0,3511668 8,871
76,799 63,97033 0,3416667 8,093
78,356 65,59203 0,348667 7,844
