simulations:100 population:100 rateOfInfect:4 rateOfRecovery:2 rateOfMoving:4 run:True standardDiviation:True cliquesAndMovement:True time:2018-07-05|23:24:48 kommentar:
0
2
0
0
0
0
0
0
0
1
2
6
6
4
1
2
0
0
0
0
0
1
0
0
1
2
2
2
3
1
2
2
1
0
0
0
0
0
0
0
0
0
0
2
0
1
0
0
1
1
0
0
0
0
0
0
0
0
0
0
0
0
0
0
0
1
2
2
1
1
3
0
0
0
0
0
0
0
0
0
0
0
0
0
0
0
0
0
0
0
0
1
0
0
0
0
0
0
0
0
43
%
33,77
4,72
0,87
0,21
0,06
0,05
0,01
0,01
0
0
0
0
0
0
0
0
0
0
0
0
%
33,79
14,55
6,68
2,77
1,33
0,62
0,3
0,13
0,08
0,02
0,02
0,01
0
0
0
0
0
0
0
0
%
0
0
0
0
0
0
0
0
0
0,02
0,07
0,1
0,12
0,19
0,14
0,26
0,23
0,31
0,29
0,32
0,46
0,55
0,53
0,39
0,35
0,23
0,12
0,08
0,09
0,05
0,03
0,01
0,01
0,02
0,02
0,01
0
0
0
0
0
0
0
0
0
0
0
0
0
0
0
0
0
0
0
0
0
0
0
0
0
0
0
0
0
0
0
0
0
0
0
0
0
0
0
0
0
0
0
0
0
0
0
0
0
0
0
0
0
0
0
0
0
0
0
0
0
0
0
0
%
1,67
0,02
0
0
0
0
0
0
0
0,02
0,07
0,1
0,12
0,19
0,14
0,26
0,23
0,31
0,29
0,31
0,31
0,28
0,16
0,1
0,17
0,11
0,07
0,04
0,03
0
0
0
0
0
0
0
0
0
0
0
0
0
0
0
0
0
0
0
0
0
0
0
0
0
0
0
0
0
0
0
0
0
0
0
0
0
0
0
0
0
0
0
0
0
0
0
0
0
0
0
0
0
0
0
0
0
0
0
0
0
0
0
0
0
0
0
0
0
0
0
%
0
0
0
0
0
0
0
0
0
0
0
0
0
0
0
0
0
0
0
0
0
0
0
0
0
0
0
0
0
0
0
0
0
0
0
0
0
0
0
0
0
0
0
0
0
0
0
0
0
0
