simulations:100 population:240 rateOfInfect:1 rateOfRecovery:1 rateOfMoving:2 run:True standardDiviation:True cliquesAndMovement:True time:2018-07-05|23:27:18 kommentar:
0
10
1
0
2
6
11
8
11
5
5
4
1
2
1
3
3
2
3
0
1
0
0
0
1
2
0
0
0
0
0
1
2
0
0
1
0
1
0
0
0
0
0
0
1
0
0
0
0
0
0
0
0
0
0
0
0
0
0
0
0
1
0
0
0
0
0
0
0
0
1
0
0
0
0
0
0
0
0
0
0
0
0
1
0
0
0
0
0
0
0
0
0
0
0
0
1
0
0
0
0
0
0
0
0
0
0
0
0
0
0
0
0
0
0
0
0
0
0
0
0
0
0
0
0
0
0
0
0
0
0
1
0
1
0
0
0
0
0
0
0
0
0
0
0
0
0
0
0
0
0
0
0
0
0
0
0
0
0
0
0
0
0
0
0
0
0
0
0
0
0
0
0
0
0
0
0
0
0
0
0
0
0
0
0
0
0
0
0
0
0
0
0
0
0
0
0
0
0
0
0
0
0
0
0
0
0
0
0
0
0
0
0
0
0
0
0
0
0
0
0
0
0
0
0
0
0
0
0
0
0
0
0
0
0
0
0
0
0
2
4
%
192,79
14,94
1,98
0,56
0,13
0,05
0,03
0,01
0
0,01
0
0
0
0,01
0
0
0
0
0
0
%
16,81
5,68
2,62
1,82
0,97
0,68
0,32
0,17
0,1
0,11
0,1
0,04
0,01
0,02
0
0,04
0
0
0
0
%
0
0
0
0,02
0,02
0,08
0,21
0,25
0,19
0,19
0,18
0,1
0,09
0,12
0,08
0,07
0,06
0,13
0,09
0,1
2,89
2,83
1,87
1,11
0,42
0,27
0,18
0,15
0,08
0,04
0
0,06
0,02
0,02
0,05
0,01
0,01
0
0
0,01
0
0
0
0
0
0
0
0
0
0
0
0
0
0
0
0
0
0
0
0
0
0
0
0
0
0
0
0
0
0
0
0
0
0
0
0
0
0
0
0
0
0
0
0
0
0
0
0
0
0
0
0
0
0
0
0
0
0
0
0
0
0
0
0
0
0
0
0
0
0
0
0
0
0
0
0
0
0
0
0
0
0
0
0
0
0
0
0
0
0
0
0
0
0
0
0
0
0
0
0
0
0
0
0
0
0
0
0
0
0
0
0
0
0
0
0
0
0
0
0
0
0
0
0
0
0
0
0
0
0
0
0
0
0
0
0
0
0
0
0
0
0
0
0
0
0
0
0
0
0
0
0
0
0
0
0
0
0
0
0
0
0
0
0
0
0
0
0
0
0
0
0
0
0
0
0
0
0
0
0
0
0
0
0
0
0
0
0
0
0
0
0
0
0
0
0
0
0
0
0
%
9,51
0,14
0,02
0,01
0,02
0,09
0,21
0,25
0,2
0,19
0,17
0,1
0,1
0,14
0,06
0,07
0,06
0,11
0,05
0,05
0,1
0,11
0,09
0,04
0,04
0,04
0
0
0,02
0
0
0,01
0
0
0
0
0
0
0
0
0
0
0
0
0
0
0
0
0
0
0
0
0
0
0
0
0
0
0
0
0
0
0
0
0
0
0
0
0
0
0
0
0
0
0
0
0
0
0
0
0
0
0
0
0
0
0
0
0
0
0
0
0
0
0
0
0
0
0
0
0
0
0
0
0
0
0
0
0
0
0
0
0
0
0
0
0
0
0
0
0
0
0
0
0
0
0
0
0
0
0
0
0
0
0
0
0
0
0
0
0
0
0
0
0
0
0
0
0
0
0
0
0
0
0
0
0
0
0
0
0
0
0
0
0
0
0
0
0
0
0
0
0
0
0
0
0
0
0
0
0
0
0
0
0
0
0
0
0
0
0
0
0
0
0
0
0
0
0
0
0
0
0
0
0
0
0
0
0
0
0
0
0
0
0
0
0
0
0
0
0
0
0
0
0
0
0
0
0
0
0
0
0
0
0
0
0
0
0
0
%
0
0
0
94
0
40
19
33,5
32,8
66
119
128,8333
179
63,42857
172
144
200,8
132
104,5
202,4
251,6667
128,4
85
115,5
180,3333
266,3333
0
0
368
0
0
68
0
0
0
0
0
0
0
0
0
0
0
0
0
0
0
0
0
0
