simulations:10000 population:100 rateOfInfect:1 rateOfRecovery:2 rateOfMoving:2 run:True standardDiviation:True cliquesAndMovement:True time:2018-07-05|12:57:11 kommentar:
0
1027
150
72
111
262
471
622
724
705
561
384
248
91
81
68
79
111
125
153
156
153
139
105
78
42
36
22
13
12
27
29
46
35
52
55
62
52
49
39
30
29
16
20
4
8
8
11
15
12
11
11
10
17
9
25
28
33
21
36
35
35
25
21
20
19
12
14
7
5
4
2
3
2
3
3
6
6
13
6
2
5
6
9
10
14
12
11
15
12
14
13
14
14
26
28
44
50
103
339
1417
%
56
8
1
0
0
0
0
0
0
0
0
0
0
0
0
0
0
0
0
0
%
15
7
3
2
1
0
0
0
0
0
0
0
0
0
0
0
0
0
0
0
%
0
0
0
0
0
0
0
0
0
0
0
0
0
0
0
0
0
0
0
0
0
0
0
0
0
0
0
0
0
0
0
0
0
0
0
0
0
0
0
0
0
0
0
0
0
0
0
0
0
0
0
0
0
0
0
0
0
0
0
0
0
0
0
0
0
0
0
0
0
0
0
0
0
0
0
0
0
0
0
0
0
0
0
0
0
0
0
0
0
0
0
0
0
0
0
0
0
0
0
0
%
2
0
0
0
0
0
0
0
0
0
0
0
0
0
0
0
0
0
0
0
0
0
0
0
0
0
0
0
0
0
0
0
0
0
0
0
0
0
0
0
0
0
0
0
0
0
0
0
0
0
0
0
0
0
0
0
0
0
0
0
0
0
0
0
0
0
0
0
0
0
0
0
0
0
0
0
0
0
0
0
0
0
0
0
0
0
0
0
0
0
0
0
0
0
0
0
0
0
0
0
%
0
0
0
0
26
29
26
29
31
34
34
45
50
58
69
73
76
80
75
77
75
74
69
70
70
74
80
66
67
82
61
66
83
93
83
96
140
148
153
143
61
137
0
208
192
200
0
214
0
0
