simulations:10 population:100 rateOfInfect:1 rateOfRecovery:2 rateOfMoving:29,99997 time:2018-07-03|09:30:39 kommentar:
100
99,9
90,1
90
90,1
90,1
100
90,1
90
80,2
80,2
100
100
100
100
70,3
90
90,1
100
90,1
90,1
70,3
90,1
90
90,1
80,2
100
90,1
90,1
100
100
100
90,1
90,1
99,9
80,2
90,2
80,2
99,9
100
100
80,2
90,1
90
80,2
70,4
80,2
100
90,1
80,2
100
70,4
100
90,1
90,1
90,1
90,1
80,2
90,1
90,1
80,2
100
80,2
100
100
100
100
100
80,2
70,3
80,2
70,3
80,2
70,8
100
90,1
100
70,3
80,2
80,2
70,3
90,1
80,3
90,1
100
100
80,2
90,1
100
90,1
100
100
90,1
80,2
100
90,1
90,3
100
80,2
90,1
