simulations:200 population:100 rateOfInfect:4 rateOfRecovery:2 rateOfMoving:1 run:True standardDiviation:True cliquesAndMovement:True time:2018-07-05|12:48:34 kommentar:
0
8
0
0
0
0
0
0
0
0
0
0
1
0
2
8
11
14
9
8
3
0
0
0
0
0
0
0
0
0
0
0
2
3
1
11
7
5
6
1
0
0
0
0
0
0
0
0
0
0
0
0
1
2
0
2
1
5
4
2
1
0
0
0
0
0
0
0
0
0
0
0
0
0
1
4
4
5
9
5
1
0
0
0
0
0
0
0
0
0
0
0
0
0
0
0
0
1
0
0
52
%
43
2
0
0
0
0
0
0
0
0
0
0
0
0
0
0
0
0
0
0
%
45
7
1
0
0
0
0
0
0
0
0
0
0
0
0
0
0
0
0
0
%
0
0
0
0
0
0
0
0
0
0
0
0
0
0
0
0
0
0
0
0
1
0
0
0
0
0
0
0
0
0
0
0
0
0
0
0
0
0
0
0
0
0
0
0
0
0
0
0
0
0
0
0
0
0
0
0
0
0
0
0
0
0
0
0
0
0
0
0
0
0
0
0
0
0
0
0
0
0
0
0
0
0
0
0
0
0
0
0
0
0
0
0
0
0
0
0
0
0
0
0
%
2
0
0
0
0
0
0
0
0
0
0
0
0
0
0
0
0
0
0
0
0
0
0
0
0
0
0
0
0
0
0
0
0
0
0
0
0
0
0
0
0
0
0
0
0
0
0
0
0
0
0
0
0
0
0
0
0
0
0
0
0
0
0
0
0
0
0
0
0
0
0
0
0
0
0
0
0
0
0
0
0
0
0
0
0
0
0
0
0
0
0
0
0
0
0
0
0
0
0
0
%
0
0
0
0
0
0
0
0
0
0
0
0
0
12
26
51
48
46
47
50
46
51
60
65
59
74
61
0
31
29
0
0
0
0
0
0
0
0
0
0
0
0
0
0
0
0
0
0
0
0
