simulations:2000 population:240 rateOfInfect:2,4 rateOfRecovery:1 rateOfMoving:1,2 run:False standardDiviation:True cliquesAndMovement:True time:2018-07-07|17:21:19 kommentar:
1 0 0,08333293 10,9795
2,1935 1,528147 0,08858266 13,39
3,798 2,852064 0,09695745 15,8245
6,0585 6,131214 0,1105821 18,8515
9,7495 14,64754 0,1320824 24,548
13,785 23,66208 0,1492498 28,692
20,7185 36,35492 0,1797924 36,9235
28,0405 45,56259 0,2129595 43,4685
34,578 53,84608 0,2348764 47,499
42,563 61,23472 0,2662511 52,062
49,8485 67,89764 0,2934999 55,255
55,8285 72,8773 0,3121669 56,5935
62,9115 77,10758 0,3368331 58,168
69,1515 79,98855 0,3610408 59,557
73,9385 81,81864 0,377791 59,213
75,2025 81,70092 0,3807903 56,3835
85,8065 87,0592 0,4198736 60,132
84,529 85,30939 0,4124574 56,005
86,9105 85,25459 0,4221653 54,041
91,9155 88,02302 0,4381239 54,672
97,45 88,5135 0,4608323 55,09
99,874 88,89253 0,4675822 53,736
101,2575 88,69409 0,4717074 52,1465
103,264 89,06277 0,477749 50,8195
105,622 88,15138 0,4884157 49,5335
