simulations:1000 population:240 rateOfInfect:1 rateOfRecovery:4 rateOfMoving:2 run:False standardDiviation:True cliquesAndMovement:True time:2018-07-07|16:39:04 kommentar:
139,626 112,9079 0,6175838 259,52
115,388 112,0263 0,5335005 215,229
84,105 103,2545 0,417584 156,807
62,807 89,19144 0,3446675 115,46
45,144 73,05875 0,2803332 83,014
35,115 62,63517 0,2386658 63,745
27,57 48,3978 0,2112495 49,786
22,446 41,34268 0,1874161 40,969
18,167 30,12944 0,1689163 31,856
16,518 27,03884 0,1594165 28,899
14,142 20,35947 0,1480834 24,883
13,579 18,33826 0,1431668 23,703
11,274 12,46484 0,129084 19,715
11,94 14,05505 0,1318337 20,275
10,003 9,896919 0,1202506 17,059
9,977 9,831225 0,1195005 17,035
9,398 11,00973 0,1158339 15,959
9,426 10,24643 0,1160005 16,331
8,745 8,560915 0,1114171 14,624
8,418 7,971027 0,1090838 14,364
