simulations:1000 population:240 rateOfInfect:1 rateOfRecovery:1 rateOfMoving:3 run:True standardDiviation:True cliquesAndMovement:True time:2018-07-05|23:27:40 kommentar:
0
63
14
35
64
93
109
83
56
44
29
21
18
17
21
13
20
15
15
10
5
5
10
10
9
2
6
7
3
4
3
5
4
1
1
1
2
4
3
5
3
5
0
0
1
0
1
0
3
2
2
2
1
1
0
1
0
0
2
0
1
1
2
1
2
1
1
0
2
0
0
0
0
1
0
0
1
0
0
0
0
0
1
0
1
0
0
2
0
0
0
1
0
1
0
0
0
1
0
0
0
0
0
0
0
0
0
0
1
0
0
0
0
0
0
0
0
0
0
0
0
0
0
0
0
0
0
1
1
0
0
0
0
0
0
0
0
0
0
0
0
0
0
0
0
0
0
0
0
0
0
0
0
0
0
0
0
0
0
0
0
0
0
0
0
0
0
0
0
0
0
0
0
0
0
0
0
0
0
0
1
0
0
0
0
1
0
0
0
0
0
0
0
0
0
0
0
0
0
0
0
0
0
0
0
0
0
0
0
0
0
0
0
0
0
0
1
0
0
0
1
0
0
0
1
0
1
0
3
0
0
0
1
0
0
0
0
2
3
7
101
%
179,316
16,896
2,548
0,649
0,212
0,083
0,035
0,02
0,013
0,005
0,005
0,009
0,006
0,004
0,002
0,002
0,002
0
0,001
0,005
%
16,406
7,392
4,694
3,196
2,214
1,681
1,235
0,921
0,669
0,46
0,349
0,278
0,203
0,124
0,105
0,08
0,052
0,031
0,025
0,072
%
0
0,002
0,009
0,058
0,136
0,204
0,255
0,236
0,193
0,153
0,118
0,073
0,059
0,068
0,063
0,096
0,105
0,133
0,173
0,166
2,234
2,562
1,84
1,149
0,655
0,378
0,246
0,152
0,138
0,09
0,072
0,05
0,034
0,016
0,02
0,011
0,015
0,007
0,008
0,004
0,002
0,001
0,004
0,004
0
0,003
0
0,001
0
0,002
0
0
0
0
0,001
0,001
0
0
0
0
0
0
0
0
0
0
0
0
0
0
0
0
0
0
0
0
0
0
0
0
0
0
0
0
0
0
0
0
0
0
0
0
0
0
0
0
0
0
0
0
0
0
0
0
0
0
0
0
0
0
0
0
0
0
0
0
0
0
0
0
0
0
0
0
0
0
0
0
0
0
0
0
0
0
0
0
0
0
0
0
0
0
0
0
0
0
0
0
0
0
0
0
0
0
0
0
0
0
0
0
0
0
0
0
0
0
0
0
0
0
0
0
0
0
0
0
0
0
0
0
0
0
0
0
0
0
0
0
0
0
0
0
0
0
0
0
0
0
0
0
0
0
0
0
0
0
0
0
0
0
0
0
0
0
0
0
0
0
0
0
0
0
0
0
0
0
0
0
0
0
0
0
0
0
0
0
0
0
0
0
%
8,858
0,128
0,028
0,069
0,139
0,209
0,259
0,243
0,196
0,154
0,122
0,067
0,054
0,058
0,064
0,077
0,091
0,118
0,151
0,151
0,131
0,143
0,132
0,103
0,068
0,055
0,053
0,03
0,023
0,011
0,007
0,002
0,002
0,002
0,001
0
0
0,001
0
0
0
0
0
0
0
0
0
0
0
0
0
0
0
0
0
0
0
0
0
0
0
0
0
0
0
0
0
0
0
0
0
0
0
0
0
0
0
0
0
0
0
0
0
0
0
0
0
0
0
0
0
0
0
0
0
0
0
0
0
0
0
0
0
0
0
0
0
0
0
0
0
0
0
0
0
0
0
0
0
0
0
0
0
0
0
0
0
0
0
0
0
0
0
0
0
0
0
0
0
0
0
0
0
0
0
0
0
0
0
0
0
0
0
0
0
0
0
0
0
0
0
0
0
0
0
0
0
0
0
0
0
0
0
0
0
0
0
0
0
0
0
0
0
0
0
0
0
0
0
0
0
0
0
0
0
0
0
0
0
0
0
0
0
0
0
0
0
0
0
0
0
0
0
0
0
0
0
0
0
0
0
0
0
0
0
0
0
0
0
0
0
0
0
0
0
0
0
0
0
0
%
0
0
33
26,70588
43,79487
50,77778
41,11765
41,38947
57,22472
66,85938
90,82258
125,9348
168,6977
242,1176
239,7674
268,6571
223,9552
248,8049
240,7938
217,3763
183,3556
197,011
233,1648
223,3714
178,2632
192,4
209,4359
253,1111
211,1739
191,9167
275
185
156,5
73,5
0
0
182
28
0
0
0
0
0
0
0
0
0
0
0
0
