simulations:1000 population:100 rateOfInfect:0,5 rateOfRecovery:2 rateOfMoving:4 run:True standardDiviation:True cliquesAndMovement:True time:2018-07-05|21:40:02 kommentar:
0
233
103
77
76
41
47
40
29
17
19
17
14
5
5
8
8
4
6
1
5
0
3
2
1
3
3
1
2
0
2
1
2
2
2
2
2
0
1
1
1
0
0
3
1
2
0
2
2
0
2
0
1
0
0
0
0
0
1
0
0
0
0
0
0
0
2
1
0
0
0
0
0
1
0
0
0
1
1
0
1
1
1
1
1
1
0
0
2
1
0
2
4
7
6
7
12
26
28
49
44
%
58,13
11,302
3,151
1,313
0,58
0,289
0,185
0,12
0,083
0,061
0,058
0,028
0,039
0,022
0,027
0,015
0,023
0,03
0,026
0,3
%
6,239
3,14
2,289
1,763
1,509
1,283
1,081
0,982
0,768
0,734
0,586
0,542
0,473
0,394
0,345
0,309
0,29
0,255
0,205
1,031
%
0
0,006
0,06
0,118
0,159
0,146
0,114
0,085
0,061
0,052
0,048
0,042
0,047
0,049
0,067
0,097
0,112
0,109
0,138
0,162
0,484
0,445
0,404
0,398
0,345
0,279
0,202
0,146
0,102
0,096
0,076
0,076
0,056
0,043
0,025
0,019
0,014
0,013
0,016
0,013
0,011
0,006
0,009
0,006
0,002
0,006
0,005
0,004
0,003
0,001
0,002
0,004
0,001
0,004
0,002
0,002
0
0,001
0,001
0,002
0
0,002
0,001
0
0,001
0
0
0
0
0
0
0
0
0
0
0
0
0
0
0
0
0
0
0
0
0
0
0
0
0
0
0
0
0
0
0
0
0
0
0
0
%
2,648
0,372
0,213
0,186
0,176
0,127
0,089
0,067
0,04
0,028
0,021
0,021
0,018
0,033
0,034
0,08
0,088
0,077
0,11
0,119
0,099
0,096
0,064
0,067
0,036
0,032
0,018
0,016
0,014
0,006
0,003
0,001
0,001
0
0
0
0
0
0
0
0
0
0
0
0
0
0
0
0
0
0
0
0
0
0
0
0
0
0
0
0
0
0
0
0
0
0
0
0
0
0
0
0
0
0
0
0
0
0
0
0
0
0
0
0
0
0
0
0
0
0
0
0
0
0
0
0
0
0
0
0
%
0
0
0
0
0
0
0
0
0
0
0
0
0
0
0
0
0
0
0
0
0
0
0
0
0
0
0
0
0
0
0
0
0
0
0
0
0
0
0
0
0
0
0
0
0
0
0
0
0
0
